1, 0.000001
24298, 0.000001
24359, 0.000764
24416, 0.000885
24456, 0.001050
24516, 0.001084
24580, 0.001200
24660, 0.001120
24740, 0.001153
24815, 0.001102
24875, 0.001129
24931, 0.001136
24984, 0.001170
25069, 0.001245
25132, 0.001241
25184, 0.001225
25254, 0.001248
25350, 0.001233
25464, 0.001211
25546, 0.001220
25629, 0.001257
25726, 0.001273
25791, 0.001288
25871, 0.001266
25936, 0.001263
25998, 0.001285
26073, 0.001266
26111, 0.001256
26176, 0.001247
26223, 0.001219
26246, 0.001256
26280, 0.001273
26336, 0.001306
26401, 0.001306
26464, 0.001286
26519, 0.001280
26591, 0.001260
26664, 0.001260
26726, 0.001236
26799, 0.001299
26873, 0.001341
26934, 0.001355
27012, 0.001286
27089, 0.001236
27190, 0.001189
27291, 0.001178
27372, 0.001106
27456, 0.001073
27531, 0.001077
27612, 0.001064
27686, 0.001059
27796, 0.001000
27880, 0.000927
27984, 0.000900
28075, 0.000897
28154, 0.000860
28227, 0.000849
28298, 0.000829
28355, 0.000824
28436, 0.000811
28502, 0.000795
28601, 0.000771
28693, 0.000746
28729, 0.000748
28789, 0.000733
28894, 0.000718
28996, 0.000700
29109, 0.000687
29192, 0.000670
29300, 0.000665
29426, 0.000640
29525, 0.000618
29641, 0.000615
29746, 0.000615
29853, 0.000622
29985, 0.000613
30158, 0.000616
30358, 0.000630
30578, 0.000627
30760, 0.000627
30927, 0.000633
31093, 0.000633
31240, 0.000633
31397, 0.000633
31557, 0.000633
31712, 0.000633
31884, 0.000633
32031, 0.000633
32182, 0.000643
32335, 0.000689
32486, 0.000718
32605, 0.000718
32737, 0.000718
32904, 0.000718
33094, 0.000718
33299, 0.000718
33450, 0.000718
33618, 0.000718
33771, 0.000718
33912, 0.000718
34104, 0.000718
34272, 0.000718
34420, 0.000718
34590, 0.000718
34747, 0.000718
34874, 0.002831
35009, 0.002800
35125, 0.002946
35258, 0.002736
35388, 0.002919
35526, 0.002893
35714, 0.003048
35856, 0.003211
36000, 0.003252
36154, 0.003254
36376, 0.003366
36556, 0.003185
36734, 0.003281
36893, 0.003259
37095, 0.003241
37308, 0.003298
37473, 0.003297
37656, 0.003364
37813, 0.003496
38054, 0.003570
38305, 0.003658
38531, 0.003672
38714, 0.003735
38938, 0.003795
39146, 0.003803
39343, 0.003857
39513, 0.003847
39664, 0.003911
39865, 0.004005
40098, 0.004052
40297, 0.004147
40486, 0.004203
40679, 0.004261
40895, 0.004307
41119, 0.004415
41321, 0.004559
41519, 0.004662
41741, 0.004706
41980, 0.004850
42242, 0.004975
42427, 0.005029
42569, 0.005104
42749, 0.005168
42931, 0.005298
43073, 0.005397
43270, 0.005472
43468, 0.005472
43611, 0.005472
43801, 0.005472
43981, 0.005472
44141, 0.005472
44330, 0.005472
44447, 0.005472
44602, 0.005472
44764, 0.005472
44887, 0.005472
45015, 0.005472
45176, 0.005472
45292, 0.005472
45434, 0.005472
45559, 0.005472
45686, 0.005472
45838, 0.005472
45969, 0.005472
46172, 0.005472
46364, 0.005472
46523, 0.005472
46739, 0.005472
46922, 0.005472
47092, 0.005472
47292, 0.005472
47483, 0.005472
47654, 0.005472
47857, 0.005472
48040, 0.005472
48272, 0.005472
48440, 0.005472
48595, 0.005472
48767, 0.005472
48918, 0.005472
49088, 0.005472
49244, 0.005472
49422, 0.005472
49624, 0.005472
49813, 0.005472
50045, 0.005472
50294, 0.005472
50485, 0.005472
50674, 0.005472
50868, 0.005472
51064, 0.005472
51281, 0.005472
51491, 0.005472
51742, 0.005472
51972, 0.005472
52181, 0.005472
52391, 0.005472
52567, 0.005472
52723, 0.005472
52870, 0.003000
53043, 0.003000
53192, 0.003000
53376, 0.003000
53563, 0.003000
53705, 0.003000
53855, 0.003000
54039, 0.003000
54186, 0.003000
54350, 0.003000
54494, 0.003284
54621, 0.004014
54778, 0.004206
54899, 0.003499
55058, 0.003499
55206, 0.003900
55331, 0.004043
55449, 0.004376
55574, 0.004376
55696, 0.004000
55825, 0.004000
55924, 0.004000
56026, 0.004000
56172, 0.004647
56344, 0.004571
56497, 0.004500
56696, 0.004500
56866, 0.004473
57063, 0.004700
57286, 0.004700
57460, 0.004845
57686, 0.004598
57907, 0.004598
58084, 0.004547
58310, 0.004485
58509, 0.004485
58646, 0.004485
58802, 0.004485
58926, 0.004485
59071, 0.004485
59233, 0.004485
59350, 0.004485
59497, 0.004485
59654, 0.004518
59807, 0.004518
59965, 0.004563
60137, 0.005000
60287, 0.005000
60466, 0.005000
60606, 0.005000
60762, 0.005000
60922, 0.005000
61100, 0.005000
61253, 0.005000
61402, 0.004975
61538, 0.004975
61700, 0.004975
61889, 0.004975
62038, 0.004975
62202, 0.004967
62383, 0.005181
62544, 0.005181
62703, 0.004400
62855, 0.004400
63025, 0.005328
63192, 0.005328
63349, 0.005400
63535, 0.006032
63753, 0.005500
63909, 0.006409
64133, 0.006777
64305, 0.007153
64472, 0.005750
64651, 0.007893
64807, 0.006250
64952, 0.006250
65149, 0.008099
65332, 0.007886
65525, 0.011933
66121, 0.016075
66800, 0.019472
67384, 0.030863
68051, 0.060535
68572, 0.068107
68758, 0.085800
68943, 0.080800
69094, 0.074700
69284, 0.079200
69469, 0.050500
69664, 0.062600
69871, 0.054500
70040, 0.050500
70259, 0.056000
70536, 0.060000
70688, 0.058900
70858, 0.069900
71038, 0.062700
71206, 0.067900
71413, 0.061100
71650, 0.060000
71883, 0.060000
72120, 0.057000
72337, 0.061000
72581, 0.062300
72738, 0.059000
72872, 0.060900
73080, 0.071000
73274, 0.070000
73466, 0.067000
73695, 0.070000
73918, 0.064500
74115, 0.067000
74398, 0.065300
74638, 0.065500
74769, 0.070000
74901, 0.068000
75030, 0.066700
75170, 0.065500
75350, 0.066400
75520, 0.066000
75732, 0.064900
75952, 0.065000
76150, 0.064800
76380, 0.064000
76594, 0.065000
76757, 0.064100
76939, 0.064000
77091, 0.065000
77242, 0.060000
77437, 0.062900
77584, 0.063400
77743, 0.060900
77919, 0.062400
78078, 0.061600
78253, 0.061600
78421, 0.061000
78567, 0.062000
78733, 0.061100
78865, 0.061800
79041, 0.063700
79202, 0.061500
79377, 0.062200
79552, 0.062000
79761, 0.060400
79932, 0.061900
80132, 0.059000
80361, 0.061000
80583, 0.062700
80799, 0.062100
81009, 0.062700
81175, 0.062200
81352, 0.062300
81555, 0.062200
81804, 0.062000
82021, 0.062000
82202, 0.062200
82447, 0.061900
82670, 0.061900
82831, 0.061900
82980, 0.062000
83137, 0.061400
83234, 0.061100
83359, 0.061300
83505, 0.061400
83634, 0.062800
83798, 0.067000
83961, 0.086900
84117, 0.093800
84287, 0.096500
84446, 0.095000
84610, 0.094900
84774, 0.105000
84935, 0.102000
85134, 0.105000
85328, 0.101000
85559, 0.102000
85843, 0.102400
86086, 0.097000
86345, 0.099000
86599, 0.107000
86802, 0.102500
86960, 0.105500
87137, 0.115000
87322, 0.132000
87541, 0.150300
87791, 0.187700
87981, 0.173100
88216, 0.190000
88427, 0.198900
88682, 0.192500
88873, 0.195500
89059, 0.193800
89217, 0.193100
89415, 0.230000
89627, 0.260000
89833, 0.390000
90051, 0.340000
90305, 0.243000
90551, 0.210000
90793, 0.240000
91003, 0.223100
91209, 0.268200
91386, 0.276000
91599, 0.279000
91847, 0.268200
92065, 0.223000
92241, 0.229900
92500, 0.267800
92765, 0.280000
92908, 0.283000
93034, 0.276800
93179, 0.287900
93334, 0.283000
93479, 0.283000
93646, 0.280000
93825, 0.284400
94027, 0.283000
94196, 0.270000
94367, 0.229900
94585, 0.208200
94772, 0.227500
94970, 0.255000
95165, 0.251100
95338, 0.205000
95579, 0.190000
95826, 0.204000
96051, 0.233000
96295, 0.238800
96513, 0.200000
96760, 0.204000
96910, 0.228000
97072, 0.220000
97254, 0.229900
97407, 0.246700
97565, 0.238000
97752, 0.250000
97941, 0.240000
98100, 0.241000
98260, 0.240100
98433, 0.267000
98603, 0.240000
98805, 0.250000
98958, 0.250000
99102, 0.248000
99256, 0.249900
99415, 0.265000
99566, 0.265000
99738, 0.281000
99891, 0.300000
100065, 0.300000
100242, 0.300000
100393, 0.300000
100575, 0.300000
100742, 0.295000
100909, 0.299000
101051, 0.299000
101192, 0.298000
101344, 0.320000
101512, 0.322900
101678, 0.323000
101839, 0.326600
102016, 0.326600
102164, 0.318800
102342, 0.317600
102516, 0.400000
102699, 0.386000
102873, 0.386800
103036, 0.349500
103216, 0.313000
103372, 0.313000
103532, 0.390000
103718, 0.419900
103897, 0.444300
104049, 0.442400
104227, 0.419900
104417, 0.410000
104559, 0.417000
104758, 0.421200
104907, 0.446000
105073, 0.439000
105235, 0.479900
105387, 0.520000
105551, 0.700000
105727, 0.716000
105873, 0.690000
106038, 0.811000
106237, 0.920000
106403, 0.899700
106590, 0.890000
106779, 0.918000
106953, 1.090000
107154, 0.980300
107330, 1.070000
107521, 1.079900
107725, 1.050000
107913, 1.070000
108109, 1.050000
108344, 1.045000
108551, 1.040000
108795, 0.898900
109021, 0.949000
109173, 0.850000
109378, 0.834500
109547, 0.870200
109772, 0.900000
110021, 0.997400
110213, 0.911100
110447, 0.958000
110727, 0.890000
110962, 0.860000
111130, 0.920200
111263, 0.939900
111419, 0.939100
111612, 0.901000
111808, 0.910300
112091, 0.899900
112373, 0.885000
112581, 0.870000
112774, 0.864500
112940, 0.932900
113046, 0.880000
113185, 0.918000
113325, 0.892500
113435, 0.894900
113557, 0.870000
113665, 0.860000
113795, 0.825400
113937, 0.816500
114059, 0.765000
114171, 0.741100
114313, 0.759000
114450, 0.809000
114575, 0.849700
114734, 0.866900
114882, 0.883800
115055, 0.855200
115202, 0.820000
115335, 0.799000
115492, 0.792500
115653, 0.789700
115815, 0.784600
116008, 0.774100
116186, 0.782000
116379, 0.779000
116538, 0.680000
116723, 0.710000
116933, 0.740000
117065, 0.753800
117221, 0.750000
117393, 0.730000
117536, 0.736900
117709, 0.770000
117853, 0.860000
118027, 0.922500
118240, 1.000000
118384, 0.989900
118527, 1.049900
118701, 1.112300
118866, 1.162000
119030, 1.197900
119187, 1.142100
119313, 1.210000
119478, 1.409000
119640, 1.700100
119821, 1.630100
119984, 1.559000
120163, 1.794900
120367, 1.900000
120552, 2.210600
120707, 2.880000
120916, 3.500000
121107, 3.033100
121285, 3.200000
121482, 3.410000
121688, 3.406100
121863, 3.333000
122098, 3.450000
122286, 3.641000
122516, 3.865900
122731, 3.800000
122964, 5.810000
123164, 5.500000
123361, 6.300200
123511, 8.198000
123723, 7.197700
123976, 6.987000
124188, 8.033900
124440, 7.190000
124671, 6.880000
124974, 6.805000
125154, 5.590400
125368, 6.119700
125590, 6.690100
125853, 7.149900
126106, 7.420000
126420, 8.399700
126737, 8.798000
127022, 8.500200
127211, 8.300100
127369, 8.429900
127542, 8.800000
127704, 8.741000
127831, 9.570000
128024, 10.600000
128222, 14.290000
128412, 18.890000
128633, 16.700000
128852, 18.549900
129078, 23.923400
129257, 29.600000
129448, 28.919000
129652, 23.949700
129893, 14.651100
130112, 18.546400
130354, 19.840000
130595, 19.280000
130811, 19.490000
131111, 17.000000
131308, 15.681000
131474, 16.890000
131684, 17.510000
131913, 17.510000
132132, 17.510000
132379, 17.510000
132663, 17.510000
132871, 17.510000
133117, 17.510000
133254, 16.450000
133417, 16.750000
133582, 16.949800
133727, 16.845000
133907, 16.101000
134100, 15.397000
134264, 15.400000
134444, 15.440500
134615, 13.860000
134768, 12.906900
134922, 14.783500
135065, 14.776100
135206, 14.314000
135369, 14.380000
135510, 14.900000
135655, 14.209100
135816, 14.009400
135951, 13.951000
136143, 13.990000
136299, 13.810000
136450, 13.719100
136614, 13.160000
136782, 13.480000
136941, 13.850200
137098, 13.689400
137232, 13.610000
137392, 13.695400
137546, 13.680000
137679, 13.980000
137856, 14.047800
138026, 13.882100
138175, 13.939400
138365, 13.490100
138531, 13.498300
138690, 13.530300
138847, 13.350000
139003, 13.094600
139186, 12.050000
139341, 9.260000
139485, 10.750000
139626, 9.799900
139765, 6.550000
139883, 7.900000
140014, 7.799900
140155, 9.990000
140281, 9.980000
140442, 9.462500
140588, 9.460500
140710, 10.131000
140844, 10.795700
140961, 11.149800
141108, 10.964100
141251, 10.945600
141368, 10.830000
141534, 11.650000
141668, 11.453000
141804, 11.311300
141963, 10.895000
142144, 10.940000
142298, 10.850600
142433, 9.657000
142554, 8.179400
142715, 8.590200
142845, 9.070100
142950, 8.969000
143080, 8.791300
143240, 8.199500
143387, 8.210000
143517, 8.640000
143684, 8.480000
143821, 8.178000
143957, 7.611000
144117, 6.862800
144252, 7.186400
144397, 6.530000
144520, 5.030000
144670, 4.773900
144815, 5.864400
144938, 6.078000
145071, 5.800000
145215, 5.619300
145359, 4.840000
145514, 4.820000
145645, 4.770000
145762, 5.200000
145925, 5.460000
146044, 6.111900
146187, 5.611400
146340, 5.427800
146485, 5.545100
146613, 5.468300
146752, 5.330000
146880, 4.869700
147023, 4.915600
147160, 4.772500
147289, 4.779400
147431, 5.140100
147556, 5.032400
147685, 5.027000
147813, 5.024000
147938, 4.960000
148072, 4.870000
148214, 4.734400
148337, 4.272800
148470, 4.007500
148601, 4.102900
148718, 4.100000
148846, 3.930800
148955, 4.150000
149064, 4.046200
149159, 3.987900
149286, 3.842100
149429, 3.557000
149560, 2.560000
149664, 2.419000
149793, 2.270000
149925, 2.348000
150029, 2.570000
150164, 3.158800
150268, 3.170000
150362, 2.545000
150495, 2.770000
150628, 2.773000
150731, 3.040000
150849, 3.190000
150942, 3.581100
151061, 3.270000
151171, 3.248000
151309, 3.150000
151445, 3.254300
151606, 3.152000
151739, 3.109000
151869, 2.970000
152029, 2.959600
152176, 3.006800
152300, 3.035000
152446, 2.950000
152602, 2.839900
152754, 3.080000
152874, 3.031000
152996, 2.996900
153157, 2.220000
153304, 2.329000
153460, 2.560400
153598, 2.250000
153749, 2.050000
153872, 2.195900
154003, 2.200000
154142, 2.294000
154260, 2.328900
154401, 2.332100
154524, 2.432100
154639, 2.506100
154781, 2.470000
154896, 2.479900
155015, 2.550000
155148, 2.750200
155279, 2.970100
155431, 3.060000
155625, 3.115100
155764, 2.794000
155923, 2.828100
156047, 2.879800
156212, 3.030000
156381, 2.990000
156513, 2.980000
156681, 2.970000
156837, 3.050000
156977, 3.251100
157129, 3.135000
157264, 3.249900
157381, 3.150000
157541, 3.200000
157665, 3.200000
157774, 3.200100
157928, 3.193000
158068, 3.520200
158221, 3.950000
158367, 3.890000
158505, 3.890100
158653, 3.946800
158805, 3.940000
158935, 4.225000
159113, 4.018000
159297, 4.070000
159433, 4.185500
159595, 4.166000
159725, 4.248000
159860, 4.722000
160028, 5.267700
160162, 5.216800
160328, 4.880800
160490, 5.573800
160633, 6.947600
160785, 6.696900
160957, 6.810000
161131, 7.113600
161297, 6.325700
161473, 6.360000
161605, 6.900000
161756, 6.800000
161911, 6.410000
162053, 6.750000
162208, 7.001800
162343, 6.682500
162516, 5.600000
162678, 5.920000
162805, 6.359800
162950, 6.489800
163103, 6.180000
163261, 6.309700
163399, 6.356000
163557, 6.289800
163702, 5.750000
163864, 5.340000
163981, 5.292000
164134, 5.626700
164287, 5.380900
164433, 5.490500
164613, 5.483800
164774, 6.075600
164901, 6.100000
165065, 5.959300
165231, 5.873400
165384, 5.688800
165530, 5.453500
165660, 5.690000
165808, 5.600000
165957, 5.830000
166093, 5.912600
166237, 5.600500
166392, 5.514700
166535, 5.260000
166685, 4.462900
166825, 4.325100
166954, 4.273900
167096, 4.410000
167224, 4.222000
167404, 4.386700
167572, 4.361500
167706, 4.272000
167838, 4.424700
168008, 5.015000
168159, 5.028800
168316, 4.773000
168481, 4.922000
168621, 4.956000
168787, 4.868000
168947, 4.860000
169117, 4.921300
169280, 4.705000
169405, 4.614400
169527, 4.820000
169661, 4.984300
169792, 4.990100
169937, 4.937500
170100, 4.930200
170247, 4.861100
170411, 4.833200
170591, 4.910000
170712, 4.890100
170885, 5.270000
171029, 5.380000
171176, 5.326600
171305, 5.343900
171444, 5.215900
171617, 5.279400
171788, 4.693900
171926, 4.837900
172087, 4.814900
172251, 4.704300
172396, 4.686000
172529, 4.676000
172720, 4.550000
172868, 4.619100
173003, 4.811300
173164, 4.788000
173325, 4.808400
173458, 4.860000
173609, 4.908700
173792, 4.827000
173922, 4.974000
174054, 4.952000
174190, 4.910100
174314, 4.919000
174435, 4.949900
174554, 4.687200
174695, 4.792500
174845, 4.871900
174985, 4.836700
175132, 4.927900
175287, 4.919700
175406, 4.940000
175538, 4.959700
175679, 4.968900
175784, 4.932000
175930, 4.975900
176074, 5.117800
176184, 5.137700
176349, 5.350000
176493, 5.260100
176646, 5.203500
176803, 4.960000
176934, 5.098200
177066, 5.131800
177207, 5.097600
177349, 5.109500
177484, 4.979400
177648, 4.904400
177807, 4.949100
177990, 5.000000
178151, 5.073700
178304, 5.134400
178479, 5.067000
178626, 5.077000
178796, 5.049900
178972, 5.060000
179126, 5.050000
179320, 5.043700
179484, 4.850000
179613, 4.960000
179745, 4.946200
179887, 4.930000
180013, 5.005900
180154, 5.035000
180283, 5.088700
180402, 5.099800
180525, 5.118000
180652, 5.099500
180805, 5.090000
180960, 5.099800
181080, 5.098800
181193, 5.139700
181330, 5.119000
181449, 5.145500
181574, 5.103200
181696, 5.139000
181865, 5.135800
182017, 5.150000
182138, 5.135000
182267, 5.180100
182416, 5.274800
182553, 5.249000
182721, 5.205100
182882, 5.266000
183022, 5.440000
183166, 5.460000
183334, 5.591000
183458, 5.633000
183613, 5.560000
183763, 5.468300
183942, 5.574700
184096, 5.700000
184231, 5.929000
184402, 5.954100
184552, 6.500000
184700, 6.400000
184867, 6.163800
185037, 6.310000
185182, 6.498800
185361, 6.670000
185491, 6.680100
185625, 6.547800
185767, 6.428500
185919, 6.350000
186062, 6.304800
186221, 6.419500
186361, 6.647000
186531, 6.605900
186675, 6.650000
186800, 6.690000
186950, 6.629000
187096, 6.760000
187243, 6.449900
187398, 6.510100
187540, 6.670000
187686, 6.648100
187851, 6.762100
188004, 6.799000
188163, 7.021500
188338, 7.199900
188478, 7.150000
188616, 7.764400
188770, 7.665100
188925, 7.542100
189079, 7.621000
189221, 8.499600
189376, 8.800000
189555, 9.109800
189696, 8.870000
189843, 8.520000
189993, 8.845500
190128, 8.409600
190280, 8.445700
190428, 8.600000
190580, 8.800000
190742, 8.900000
190926, 8.900000
191084, 8.888100
191253, 8.710300
191394, 9.098000
191581, 9.350000
191730, 9.550300
191853, 10.530000
192013, 10.970000
192187, 10.984000
192328, 10.870000
192480, 10.855200
192623, 11.100000
192769, 11.055300
192949, 11.061100
193095, 11.386400
193263, 11.510200
193438, 11.624000
193585, 12.037500
193748, 12.190000
193923, 13.250000
194070, 13.500000
194232, 11.583600
194375, 11.610000
194522, 8.000000
194690, 10.100000
194879, 9.915000
195052, 9.806800
195209, 10.100000
195361, 10.600000
195518, 10.523900
195664, 10.610000
195826, 10.950000
195978, 10.940000
196133, 10.916900
196293, 10.777000
196453, 10.160000
196607, 9.965400
196756, 10.204100
196915, 10.530000
197077, 10.384700
197218, 10.999700
197418, 11.181000
197575, 11.000000
197751, 11.037000
197904, 11.020000
198042, 11.170000
198199, 11.330800
198355, 11.364900
198492, 11.399000
198636, 11.670000
198804, 11.750000
198940, 11.870000
199101, 11.890000
199256, 12.250000
199434, 12.572500
199580, 12.282500
199725, 12.368000
199895, 12.237800
200066, 12.193300
200203, 12.100000
200371, 12.197000
200520, 12.270000
200649, 12.308900
200806, 12.391000
200957, 12.363100
201130, 12.400000
201294, 12.400000
201419, 12.840000
201568, 12.890000
201712, 12.850000
201833, 12.688000
201973, 12.505000
202126, 11.800000
202248, 11.778100
202426, 11.895000
202573, 12.120000
202714, 12.030000
202862, 12.000000
202997, 11.861000
203146, 11.738900
203291, 11.838100
203443, 11.849900
203596, 11.810000
203746, 11.939800
203893, 11.740100
204050, 11.739900
204201, 11.631100
204350, 11.710100
204512, 11.650000
204639, 11.650000
204798, 10.861600
204950, 10.170600
205098, 10.260500
205283, 10.700000
205461, 10.600000
205624, 10.887500
205761, 11.201000
205900, 10.570000
206041, 10.468800
206181, 10.642500
206333, 10.800100
206493, 10.748000
206644, 10.899000
206784, 10.920000
206930, 10.925000
207095, 10.815000
207248, 10.890000
207388, 10.868700
207534, 11.008000
207675, 10.951200
207805, 10.950000
207953, 11.197700
208094, 11.748900
208224, 11.788900
208379, 11.651500
208514, 11.799900
208652, 11.732800
208813, 11.770000
208958, 12.421900
209112, 12.345000
209272, 12.411500
209412, 12.482100
209572, 12.245500
209730, 12.200000
209868, 12.347700
210048, 12.450000
210219, 12.565000
210336, 12.562000
210508, 12.500000
210640, 12.679000
210790, 13.410000
210908, 13.380000
211023, 13.299000
211165, 13.499900
211301, 13.420100
211425, 13.388000
211559, 13.433400
211706, 13.557000
211846, 13.698900
211981, 13.700100
212096, 13.600000
212218, 13.490100
212329, 13.300000
212441, 13.250100
212577, 13.299000
212705, 13.599000
212833, 13.524600
212951, 13.500000
213075, 13.371400
213216, 13.312000
213352, 13.380000
213485, 13.350000
213599, 13.467900
213761, 13.421700
213900, 13.421200
214081, 13.400000
214228, 13.450000
214379, 13.510000
214543, 13.304100
214720, 13.280000
214863, 13.397900
215030, 13.500000
215188, 13.440000
215314, 13.454000
215469, 13.587600
215616, 13.742800
215765, 13.770000
215902, 14.140000
216042, 14.137000
216163, 14.237000
216287, 14.116000
216410, 14.300000
216569, 14.250000
216698, 14.730000
216820, 15.500000
216939, 15.705000
217062, 15.615000
217211, 15.700000
217345, 16.800000
217468, 17.261400
217613, 17.500000
217749, 16.896000
217897, 17.400000
218034, 17.880000
218198, 17.818200
218333, 18.721000
218486, 19.525400
218655, 19.700000
218790, 20.410000
218987, 20.499000
219131, 19.630000
219294, 20.590000
219471, 20.430100
219635, 20.600000
219807, 21.180000
219964, 22.150000
220103, 22.660000
220263, 23.650000
220406, 23.969800
220557, 24.650000
220730, 25.169800
220874, 24.200000
221024, 27.220500
221188, 27.100000
221349, 27.215800
221545, 26.814600
221746, 26.950000
221896, 29.417600
222062, 29.645000
222257, 29.747700
222425, 30.245400
222598, 29.800000
222772, 29.890000
222917, 30.400000
223128, 31.100000
223268, 30.901200
223477, 33.380000
223652, 34.500000
223798, 34.250000
223950, 34.500000
224113, 36.152000
224279, 40.330000
224432, 41.020100
224586, 42.000000
224735, 44.180000
224900, 46.850000
225080, 46.000000
225245, 48.400000
225430, 44.289900
225540, 46.920000
225710, 47.169600
225889, 46.950000
226051, 47.000200
226236, 47.400000
226449, 51.600000
226622, 59.140000
226805, 64.488800
227021, 70.850000
227223, 69.865000
227465, 64.350000
227655, 71.500000
227873, 73.600000
228014, 78.500000
228160, 88.920000
228291, 86.180000
228482, 90.500000
228643, 92.190000
228824, 93.030000
228972, 104.000000
229190, 117.980000
229370, 135.000000
229537, 132.120000
229705, 142.323600
229837, 142.631100
230009, 162.301000
230181, 187.500000
230332, 230.000000
230511, 165.000000
230707, 124.900000
230859, 117.000000
231033, 93.000000
231213, 90.000000
231350, 82.386000
231524, 68.355700
231686, 93.070000
231866, 109.010000
232028, 118.480000
232149, 126.615500
232297, 119.200000
232482, 127.400000
232627, 143.475000
232799, 154.200000
232972, 141.710000
233124, 136.900000
233307, 128.000100
233468, 134.444400
233620, 143.999900
233815, 139.226900
233951, 116.380000
234097, 106.250000
234239, 98.100000
234379, 112.900000
234537, 115.980000
234701, 112.250000
234857, 109.600100
235032, 113.200000
235206, 112.799000
235356, 117.700000
235534, 115.640000
235699, 114.820000
235880, 117.979700
236065, 111.400000
236203, 114.220000
236353, 118.210000
236505, 123.500000
236658, 123.211000
236808, 122.500000
236975, 122.020000
237097, 122.890000
237242, 123.800000
237416, 126.300000
237571, 133.100000
237745, 131.986000
237900, 133.500000
238070, 129.770000
238255, 129.000000
238398, 132.250000
238574, 128.799000
238762, 128.815100
238925, 129.300000
239137, 122.500000
239355, 120.737200
239546, 121.400000
239764, 121.900000
239941, 118.969900
240130, 111.000000
240299, 107.892400
240451, 100.437400
240628, 106.350000
240814, 109.000000
240984, 108.775900
241188, 103.949000
241389, 100.000000
241542, 99.800000
241732, 99.900000
241922, 101.950000
242061, 107.350000
242209, 108.251000
242325, 111.290000
242479, 109.500000
242661, 108.200000
242829, 107.900000
243003, 102.090000
243156, 103.329300
243292, 104.000000
243485, 101.736800
243655, 94.660000
243818, 94.999000
243982, 97.510000
244133, 84.606900
244292, 87.656200
244450, 76.890100
244626, 77.685000
244794, 66.340000
244985, 66.855000
245155, 72.505300
245363, 74.560000
245549, 74.225000
245730, 84.515000
245916, 91.220000
246109, 88.465000
246257, 91.388800
246415, 90.371300
246568, 93.140000
246747, 92.741500
246921, 90.542500
247077, 85.429800
247255, 85.777500
247433, 85.667500
247609, 85.472500
247810, 86.086200
247990, 86.938900
248122, 87.457500
248284, 89.410000
248411, 90.632500
248593, 89.097500
248771, 92.100000
248935, 93.298100
249114, 96.310000
249314, 97.915000
249486, 96.417500
249683, 97.240000
249878, 96.660000
250035, 96.600000
250217, 96.920000
250419, 97.133100
250591, 96.920000
250784, 94.775000
250971, 93.360000
251184, 93.287500
251394, 94.162500
251589, 95.085000
251825, 97.902100
252022, 97.960000
252169, 97.545000
252347, 98.330000
252523, 99.565000
252691, 98.845000
252900, 102.299700
253065, 105.012500
253254, 111.445000
253461, 109.730000
253662, 107.547500
253882, 108.687500
254070, 111.795000
254205, 112.230000
254379, 117.446100
254553, 117.590000
254711, 117.522700
254922, 123.233200
255116, 129.460000
255325, 128.259700
255553, 127.364800
255766, 127.591500
255962, 120.573800
256135, 120.533300
256299, 116.321000
256497, 119.054700
256648, 116.595000
256794, 120.018800
256996, 121.458000
257196, 125.451800
257388, 125.759800
257597, 126.507200
257792, 124.081300
258022, 124.578300
258204, 125.061800
258358, 125.968300
258537, 126.304500
258706, 124.193700
258884, 122.900800
259093, 122.643500
259286, 122.651000
259475, 122.223500
259702, 122.538300
259914, 123.423000
260109, 123.476300
260283, 123.498300
260451, 124.748300
260632, 125.180700
260809, 123.098300
260956, 125.493800
261154, 99.813500
261347, 116.816800
261534, 121.294500
261719, 121.139800
261945, 121.682800
262125, 123.245000
262281, 124.318200
262427, 125.842300
262618, 125.698200
262826, 125.511700
262986, 126.523200
263187, 130.415500
263435, 133.035500
263669, 138.641700
263939, 137.418800
264157, 142.735000
264318, 149.594700
264507, 159.811500
264740, 163.063200
264932, 174.177200
265141, 183.864800
265378, 200.620000
265599, 183.148200
265820, 178.121700
266039, 175.900800
266243, 185.688800
266431, 187.868300
266611, 198.193200
266753, 194.549300
266964, 198.226300
267180, 198.509800
267360, 200.847300
267585, 207.633500
267769, 225.196000
267970, 239.290000
268148, 253.693300
268298, 283.302300
268450, 323.767000
268589, 336.135800
268723, 311.900500
268905, 332.626300
269097, 349.342500
269281, 393.279500
269462, 410.723000
269648, 409.167500
269795, 428.823800
270002, 476.295000
270180, 674.376800
270349, 541.825700
270510, 572.667500
270662, 695.866800
270819, 747.481800
270996, 776.699800
271151, 751.377000
271326, 778.675300
271512, 899.200000
271662, 948.408800
271832, 1037.755000
272001, 1120.397100
272187, 1124.763100
272363, 946.923700
272549, 1038.348500
272715, 1068.667500
272920, 1147.245700
273077, 1042.026700
273260, 834.026200
273475, 694.470900
273657, 795.396800
273855, 898.022200
274038, 989.997500
274225, 883.261700
274395, 875.747400
274550, 898.211200
274720, 867.495000
274929, 879.469200
275099, 712.508000
275300, 683.840800
275510, 522.228800
275694, 698.450300
275928, 622.841800
276121, 608.963800
276269, 617.815800
276446, 673.167700
276597, 667.620300
276774, 687.355700
276948, 765.206700
277113, 746.723200
277297, 730.471500
277459, 745.071200
277612, 754.764500
277803, 757.495300
277987, 770.435700
278173, 808.048500
278318, 830.024000
278491, 858.983300
278620, 940.097200
278815, 951.386500
278983, 810.583300
279177, 859.948500
279377, 860.895000
279561, 884.666700
279763, 930.905000
279981, 873.263500
280163, 857.956400
280358, 851.828000
280517, 874.713000
280683, 847.373500
280879, 828.222000
281021, 843.758300
281198, 878.680700
281384, 871.048300
281558, 874.288500
281736, 863.950000
281937, 854.347500
282102, 825.122100
282295, 861.851600
282468, 880.152300
282613, 814.530200
282788, 833.939500
282948, 837.514800
283098, 845.846700
283270, 848.287500
283443, 853.016400
283644, 854.375000
283835, 846.904800
284009, 842.012300
284180, 820.867000
284355, 783.621100
284515, 703.567000
284682, 676.909400
284875, 681.937100
285006, 679.733800
285165, 669.441800
285319, 648.383500
285499, 598.407500
285687, 656.606800
285864, 645.430000
286048, 610.652500
286253, 621.494000
286397, 621.223500
286570, 617.710000
286779, 552.213800
286939, 569.042500
287104, 604.747300
287285, 604.582300
287441, 545.322500
287636, 534.710800
287797, 577.085800
287984, 576.698000
288177, 543.926500
288348, 563.735800
288499, 560.304500
288647, 661.122500
288786, 663.598000
288937, 661.785800
289098, 658.724500
289250, 625.827800
289433, 615.240000
289588, 633.182500
289763, 625.828500
289923, 628.954300
290086, 631.391300
290267, 638.165000
290447, 626.706700
290564, 633.665200
290743, 630.716700
290914, 621.222500
291071, 613.631500
291222, 608.815700
291384, 586.589800
291547, 570.770500
291739, 564.421500
291893, 561.353400
292121, 586.271800
292310, 582.280200
292449, 579.072200
292624, 478.159500
292789, 502.439900
292966, 493.180300
293145, 461.869500
293281, 458.497200
293456, 478.716300
293620, 437.515000
293823, 447.082200
294032, 448.879200
294214, 464.825900
294399, 460.702800
294547, 446.219500
294686, 450.463800
294840, 440.198300
295000, 360.840700
295156, 420.056300
295320, 420.660000
295488, 414.949500
295672, 457.633800
295864, 520.123300
296038, 529.162500
296200, 494.400000
296382, 478.231200
296525, 501.551500
296687, 497.317700
296868, 493.092100
297035, 484.429000
297192, 486.931700
297372, 500.256800
297509, 459.610400
297685, 456.139500
297846, 429.653700
298027, 437.058700
298190, 444.253300
298341, 445.865500
298496, 456.267300
298668, 446.643800
298824, 436.938100
298974, 434.064300
299133, 429.724200
299249, 426.992000
299444, 436.960500
299608, 435.343000
299759, 448.235000
299938, 452.710800
300091, 436.542000
300267, 438.427800
300433, 437.413000
300588, 441.749800
300739, 444.316200
300914, 445.013300
301089, 446.358300
301273, 444.809000
301446, 444.312800
301596, 485.830500
301785, 489.162500
301953, 526.057700
302131, 519.039200
302301, 525.633200
302444, 570.095000
302609, 581.826700
302778, 569.633200
302902, 574.454700
303083, 565.505800
303222, 616.470000
303377, 623.256700
303534, 629.024200
303714, 658.786000
303893, 665.730000
304073, 636.783700
304254, 656.059800
304406, 645.564700
304556, 652.708300
304696, 653.640200
304848, 645.341000
304997, 649.806800
305158, 627.909800
305311, 581.803300
305485, 597.426700
305634, 571.690200
305814, 591.971800
305995, 588.060000
306199, 607.342700
306387, 604.875200
306538, 592.264800
306702, 588.521500
306897, 591.029800
307069, 598.876500
307263, 587.459800
307434, 575.066700
307615, 562.126300
307810, 579.384200
307988, 600.864500
308160, 591.994000
308360, 598.603200
308519, 639.362300
308655, 635.590500
308789, 647.340000
308923, 640.687900
309058, 626.957500
309232, 628.331300
309370, 631.706500
309520, 617.991800
309676, 620.219300
309819, 620.549600
309989, 615.112900
310130, 631.180400
310288, 634.477500
310457, 627.575900
310605, 618.379800
310746, 619.355800
310897, 615.203900
311047, 622.623400
311225, 628.215600
311396, 625.801100
311555, 621.372500
311726, 620.010300
311880, 618.807600
312015, 617.927400
312163, 600.006500
312302, 599.928000
312472, 593.852600
312613, 590.945400
312762, 584.693100
312901, 582.203400
313063, 564.370000
313230, 581.350100
313378, 595.084500
313551, 587.287800
313700, 585.507800
313861, 586.763900
313987, 583.112500
314122, 583.035500
314284, 587.397100
314433, 590.532400
314597, 588.095000
314782, 589.450000
314943, 573.306600
315131, 568.209900
315322, 544.568100
315463, 508.553600
315644, 496.616400
315811, 519.831400
315970, 492.951300
316142, 460.671900
316314, 486.736000
316519, 511.925900
316691, 516.160500
316840, 513.941900
317007, 497.218500
317173, 508.573500
317322, 501.629600
317458, 513.470400
317639, 510.430000
317781, 507.015400
317970, 508.422400
318130, 501.203100
318309, 478.073400
318507, 474.134600
318641, 475.318100
318789, 474.537000
318970, 489.086500
319116, 480.501000
319263, 482.237100
319451, 479.483300
319594, 472.147900
319753, 471.557600
319897, 477.527300
320039, 476.334900
320220, 473.825400
320362, 477.086100
320548, 474.715000
320716, 471.358600
320859, 463.738800
321033, 454.914300
321230, 421.459400
321395, 391.943900
321573, 406.824800
321750, 396.567000
321908, 398.885400
322078, 435.377900
322216, 422.298400
322380, 408.798500
322560, 401.920300
322690, 398.357100
322826, 376.198300
322966, 374.734400
323092, 386.268700
323252, 381.332400
323409, 371.985900
323543, 356.556600
323689, 325.492100
323844, 319.640600
324008, 328.459400
324172, 334.091100
324311, 352.788900
324450, 363.775100
324594, 358.685900
324747, 359.202900
324894, 376.189100
325050, 388.377000
325192, 398.706800
325337, 391.843300
325493, 380.080100
325629, 380.421600
325773, 388.961800
325929, 386.588900
326062, 379.371300
326216, 382.377000
326340, 379.096300
326519, 355.861400
326676, 355.169500
326817, 346.112600
326978, 351.541400
327114, 348.961300
327280, 351.897100
327409, 333.378800
327565, 343.782800
327743, 336.799500
327918, 325.386500
328086, 323.742600
328230, 324.230300
328401, 328.283300
328575, 337.139000
328707, 348.235000
328863, 341.079500
329018, 344.034000
329163, 363.306200
329316, 365.289700
329471, 366.993300
329593, 427.240300
329744, 417.152800
329876, 398.427300
330034, 375.128800
330183, 388.554200
330316, 385.859300
330473, 372.377000
330633, 377.236800
330762, 356.138800
330903, 348.861700
331036, 352.041700
331178, 366.768700
331329, 375.235500
331485, 375.717400
331603, 368.510400
331747, 369.142600
331874, 375.848900
332034, 375.222800
332195, 377.090100
332339, 378.644400
332485, 381.536400
332635, 374.972800
332744, 369.155000
332893, 376.036100
333057, 374.019600
333187, 374.255800
333319, 360.941900
333461, 351.269400
333611, 344.617100
333762, 347.133100
333902, 350.941200
334046, 347.471300
334201, 351.143900
334323, 345.096100
334485, 326.081500
334625, 319.171300
334737, 310.745800
334878, 317.006000
335020, 329.574200
335143, 319.241100
335285, 330.670900
335417, 334.046700
335587, 321.884300
335751, 318.611800
335898, 327.158200
336050, 315.167000
336215, 316.795900
336371, 312.441200
336541, 309.870800
336700, 319.695800
336841, 313.924700
337013, 314.591600
337162, 279.850700
337334, 263.634300
337510, 272.948600
337661, 285.575900
337822, 294.877800
337972, 283.251300
338105, 288.844100
338256, 274.066800
338409, 265.369200
338550, 267.087300
338701, 226.982300
338828, 177.279500
338972, 210.463600
339113, 207.224300
339249, 199.625000
339392, 209.932000
339557, 213.978300
339694, 210.481700
339816, 225.981600
339968, 232.661600
340097, 232.967300
340224, 247.985500
340356, 254.507300
340469, 271.949100
340604, 262.060500
340738, 233.208700
340907, 232.404800
341079, 226.503300
341209, 216.913700
341374, 226.395900
341537, 237.540900
341679, 226.956600
341820, 226.729100
341983, 216.771400
342127, 222.482300
342314, 227.327500
342479, 222.867700
342600, 220.174300
342764, 220.082900
342901, 219.492200
343065, 221.851300
343198, 235.786900
343324, 257.474100
343494, 234.329200
343641, 233.561800
343788, 243.598300
343947, 236.213700
344112, 239.835000
344272, 243.775600
344435, 244.255700
344561, 235.529900
344721, 238.084500
344867, 238.760100
344991, 237.251300
345149, 236.095100
345304, 252.511100
345452, 253.528300
345593, 258.742500
345745, 271.352500
345887, 281.449700
346053, 271.922200
346204, 274.865000
346317, 272.211100
346473, 275.889800
346600, 274.475400
346770, 288.516100
346911, 290.512000
347053, 295.830100
347222, 293.867100
347354, 284.283800
347490, 281.361500
347626, 285.341500
347778, 290.376300
347902, 284.455300
348045, 255.366200
348181, 259.740400
348328, 260.838000
348469, 259.616200
348605, 267.796800
348750, 265.943200
348903, 245.442200
349066, 246.133900
349235, 247.648000
349387, 246.581400
349555, 252.252000
349707, 242.016500
349846, 246.852000
349995, 243.389400
350132, 246.554800
350278, 252.256600
350435, 253.543900
350573, 253.120600
350735, 259.945100
350889, 254.518700
351006, 252.796500
351169, 244.360400
351298, 243.260400
351429, 235.220100
351580, 236.117000
351705, 235.635200
351844, 223.405600
352001, 218.274100
352144, 223.565900
352270, 228.107000
352415, 222.232500
352537, 222.843000
352680, 221.691300
352826, 224.307600
352969, 235.815000
353140, 233.923000
353292, 235.561600
353414, 230.786000
353543, 225.852900
353686, 218.815000
353847, 228.499400
353984, 225.676300
354127, 225.976400
354265, 236.570400
354403, 232.124100
354535, 234.904500
354694, 240.120300
354837, 238.768800
354963, 236.553200
355118, 230.047800
355257, 237.782900
355415, 243.394600
355567, 240.482500
355687, 239.631200
355824, 241.853900
355979, 240.990000
356125, 235.798100
356296, 236.739000
356450, 237.310100
356591, 235.726500
356727, 236.099600
356905, 232.865500
357040, 231.943400
357180, 234.245500
357310, 235.304800
357466, 240.519000
357616, 239.033100
357721, 241.186400
357870, 237.487900
358015, 237.327100
358143, 237.184700
358290, 237.471600
358432, 237.104900
358583, 233.293900
358709, 229.999200
358850, 223.308600
358993, 225.746100
359147, 225.645200
359278, 224.371000
359424, 225.035700
359577, 225.679100
359729, 223.389600
359891, 228.645200
360052, 229.332700
360191, 228.952100
360361, 230.018900
360514, 230.204100
360643, 232.753300
360803, 233.853600
360944, 237.309600
361095, 250.897700
361227, 249.168100
361359, 248.873200
361526, 243.547000
361682, 245.261200
361809, 244.010000
361938, 246.770000
362090, 243.986200
362223, 240.215500
362376, 242.422000
362528, 242.642400
362687, 250.706600
362822, 248.067300
362958, 256.487500
363093, 262.484300
363247, 257.660400
363378, 254.350500
363531, 255.596100
363699, 260.348800
363834, 271.015300
363997, 268.493500
364170, 264.956600
364298, 269.645900
364468, 268.113400
364591, 283.881000
364749, 291.687300
364903, 309.977800
365032, 290.881100
365185, 286.185600
365327, 283.823100
365478, 277.827300
365613, 278.488300
365770, 274.493800
365909, 272.488900
366060, 278.413900
366199, 275.099500
366346, 276.617400
366497, 275.626600
366633, 287.973800
366811, 288.134300
366962, 291.637200
367097, 292.730600
367252, 293.785100
367397, 288.768100
367539, 287.289800
367680, 283.941700
367832, 280.037100
367981, 281.650000
368134, 280.479600
368281, 284.503300
368425, 281.378300
368563, 278.251600
368691, 279.030300
368842, 260.200000
369007, 264.438800
369126, 263.761500
369304, 270.916700
369479, 265.641800
369593, 263.337100
369747, 264.868600
369874, 260.734300
370014, 257.673500
370167, 256.984000
370296, 219.004500
370448, 225.394400
370611, 234.687300
370751, 231.940600
370914, 229.744400
371081, 227.589000
371203, 209.132200
371364, 221.711800
371508, 225.379800
371652, 224.261000
371799, 230.982500
371948, 229.756200
372111, 228.608800
372270, 230.017300
372417, 227.346900
372575, 228.855100
372735, 226.765000
372870, 230.085100
373029, 234.677100
373194, 239.438300
373334, 240.020200
373481, 243.547300
373607, 238.291600
373757, 238.589600
373934, 240.083800
374085, 234.818500
374236, 230.328000
374382, 230.240600
374525, 229.924100
374694, 228.797600
374845, 232.792400
374977, 232.716700
375133, 231.238200
375263, 230.860500
375380, 226.605600
375512, 230.523700
375665, 229.955600
375820, 234.283300
375969, 234.837900
376123, 234.208300
376278, 232.848600
376432, 239.342800
376557, 236.621400
376739, 236.245500
376898, 237.569800
377041, 237.402100
377174, 239.089100
377312, 238.687400
377474, 240.587200
377630, 246.421800
377763, 243.266400
377907, 242.690500
378047, 244.321300
378169, 245.331300
378326, 247.525300
378486, 245.585600
378609, 249.935200
378752, 252.594900
378914, 254.813300
379063, 262.935300
379217, 271.203900
379344, 262.900300
379493, 264.415800
379669, 270.218800
379781, 267.327200
379928, 274.410800
380096, 277.455400
380230, 282.660500
380378, 283.071700
380539, 286.132500
380708, 294.399800
380850, 303.886600
380990, 313.586100
381132, 326.004500
381303, 312.432100
381457, 325.082000
381599, 359.352300
381759, 400.706300
381921, 408.741400
382070, 387.510000
382222, 374.950000
382367, 384.800000
382512, 373.487000
382662, 380.043000
382813, 337.932000
382945, 312.578000
383122, 336.856000
383270, 337.292000
383433, 333.553000
383589, 319.928300
383728, 331.590000
383910, 335.770000
384069, 334.973000
384203, 326.315000
384347, 321.988000
384523, 327.174000
384685, 324.344000
384867, 323.257000
385012, 320.161000
385174, 328.983000
385339, 353.304000
385494, 358.185000
385633, 357.663000
385795, 371.864000
385933, 376.907000
386100, 362.729000
386283, 359.430000
386428, 361.308000
386579, 363.482500
386737, 388.861000
386893, 388.458000
387059, 395.865000
387205, 418.136000
387372, 418.036000
387557, 415.252000
387752, 453.900000
387920, 435.897000
388097, 433.537000
388231, 443.839000
388422, 465.502000
388618, 455.375000
388767, 455.987000
388933, 463.844000
389091, 462.226000
389248, 442.496000
389420, 437.761000
389562, 435.500000
389710, 442.839000
389877, 454.848000
390010, 455.312000
390165, 417.216000
390352, 422.523000
390543, 421.265000
390702, 432.618000
390870, 426.145000
391027, 430.050000
391174, 434.463000
391298, 433.586000
391447, 430.361000
391592, 433.493000
391761, 432.253000
391929, 429.464000
392084, 458.280000
392204, 453.370000
392387, 449.143000
392550, 448.964000
392717, 448.385000
392892, 432.884000
393051, 432.040000
393204, 429.729000
393344, 358.766000
393458, 387.665000
393604, 380.208000
393755, 385.844000
393917, 377.745000
394064, 418.742000
394222, 409.945000
394346, 381.761000
394524, 386.191000
394707, 402.610000
394864, 390.663000
395042, 391.430000
395194, 394.629000
395351, 379.384000
395506, 378.200000
395662, 376.937000
395852, 367.135000
396036, 371.248000
396196, 372.877000
396370, 368.933000
396560, 388.612000
396720, 385.338000
396910, 375.405000
397087, 375.284000
397283, 371.101000
397440, 373.321000
397603, 379.960000
397773, 377.720000
397970, 383.126000
398130, 392.182000
398295, 406.738000
398464, 399.485000
398609, 407.361000
398754, 415.561000
398909, 421.637000
399071, 420.334000
399217, 436.517000
399365, 438.985000
399496, 438.072000
399631, 419.981000
399753, 424.362000
399882, 423.517000
400041, 432.064000
400175, 432.138000
400319, 432.640000
400464, 436.608000
400589, 433.637000
400726, 421.598000
400876, 419.466000
401019, 407.982000
401172, 397.833000
401321, 404.550000
401471, 412.982000
401615, 411.758000
401752, 412.618000
401924, 416.160000
402089, 419.887000
402244, 410.132000
402391, 412.291000
402527, 415.091000
402667, 415.383000
402831, 416.253000
402983, 418.452000
403126, 408.036000
403266, 408.520000
403397, 410.751000
403547, 411.423000
403688, 416.926000
403822, 417.386000
403980, 414.341000
404136, 415.687000
404267, 416.730000
404431, 425.378000
404558, 422.756000
404726, 415.553000
404876, 412.690000
405038, 415.161000
405165, 417.009000
405300, 419.686000
405454, 419.385000
405604, 419.416000
405756, 422.653000
405917, 421.700000
406076, 421.204000
406206, 418.089000
406352, 418.419000
406511, 421.111000
406687, 422.990000
406848, 425.990000
406987, 424.401000
407160, 425.106000
407315, 429.980000
407451, 430.837000
407601, 427.862000
407754, 429.054000
407884, 436.105000
408045, 442.156000
408191, 451.102000
408349, 447.636000
408495, 452.584000
408634, 460.327000
408770, 462.510000
408904, 467.803000
409042, 445.012000
409186, 449.856000
409325, 456.350000
409465, 449.333000
409622, 453.042000
409781, 444.513000
409919, 450.274000
410083, 446.962000
410234, 448.527000
410398, 460.374000
410564, 459.465000
410709, 459.437000
410874, 461.491000
411063, 450.987000
411203, 452.113000
411350, 454.818000
411493, 455.735000
411633, 455.753000
411776, 457.848000
411915, 453.410000
412056, 452.746000
412212, 453.378000
412336, 436.729000
412473, 442.953000
412628, 443.135000
412756, 438.773000
412945, 443.734000
413131, 445.130000
413270, 449.234000
413419, 453.819000
413561, 473.467000
413678, 525.433000
413827, 524.083000
413970, 532.586000
414111, 531.797000
414250, 536.424000
414369, 538.145000
414523, 570.471000
414664, 573.450000
414783, 574.106000
414953, 585.531000
415125, 577.856000
415254, 583.105000
415409, 576.454000
415562, 579.131000
415708, 611.777000
415871, 675.343000
416007, 705.619000
416172, 685.989000
416320, 696.323000
416440, 768.242000
416613, 747.554000
416765, 755.684000
416905, 764.045000
417096, 727.949000
417264, 665.876000
417399, 602.887000
417539, 625.495000
417673, 665.162000
417798, 665.329000
417969, 630.246000
418103, 658.399000
418256, 646.304000
418409, 639.082000
418537, 672.485000
418697, 676.523000
418873, 703.686000
419006, 659.688000
419159, 681.630000
419309, 668.092000
419445, 676.113000
419601, 639.761000
419733, 664.743000
419881, 650.627000
420031, 649.962000
420176, 649.027000
420330, 664.839000
420472, 653.934000
420598, 659.636000
420738, 664.876000
420885, 663.541000
421031, 679.051000
421188, 673.594000
421318, 673.843000
421459, 666.180000
421611, 665.099000
421742, 650.822000
421872, 654.862000
422002, 661.050000
422126, 655.135000
422262, 651.077000
422394, 655.442000
422512, 655.627000
422649, 656.669000
422787, 654.976000
422912, 625.881000
423071, 607.374000
423215, 552.821000
423377, 565.263800
423543, 578.321300
423682, 574.956300
423862, 588.422500
424039, 592.780000
424166, 590.622500
424322, 584.758800
424457, 592.892500
424606, 586.525000
424750, 586.026300
424883, 585.081300
425060, 571.443800
425228, 567.202500
425379, 576.248800
425515, 571.745000
425640, 572.502500
425777, 573.663800
425923, 580.702500
426102, 580.690000
426243, 584.732500
426407, 581.281300
426553, 577.995000
426708, 575.733800
426844, 578.156300
426968, 568.666300
427114, 573.555000
427275, 572.361300
427424, 575.998800
427575, 572.333800
427726, 571.693800
427844, 574.147500
428016, 598.383800
428148, 608.917500
428307, 606.027500
428452, 611.070000
428579, 614.787500
428739, 624.948800
428885, 621.796300
429022, 622.212500
429175, 605.808800
429352, 606.307500
429508, 606.921300
429673, 608.220000
429835, 605.210000
429973, 606.333800
430137, 605.293800
430275, 608.698800
430429, 608.527500
430571, 599.473800
430708, 595.798800
430879, 595.035000
431033, 601.713800
431157, 601.341300
431318, 599.176300
431520, 606.812500
431663, 604.762500
431824, 603.518800
431984, 605.058800
432122, 608.437500
432261, 613.933800
432419, 610.291300
432569, 612.337500
432718, 609.375000
432859, 610.885000
433032, 610.900000
433199, 616.488800
433334, 616.596300
433509, 614.623800
433678, 617.422500
433793, 639.373800
433938, 635.081300
434067, 635.020000
434204, 638.367500
434351, 637.371300
434473, 639.827500
434614, 636.920000
434749, 635.508800
434888, 628.153800
435032, 628.622500
435159, 630.153800
435298, 652.715000
435475, 649.245000
435614, 648.398800
435761, 652.895000
435902, 674.357500
436032, 686.520000
436189, 688.096300
436349, 712.870000
436479, 696.353800
436657, 697.368800
436815, 729.271300
436968, 742.465000
437091, 687.507500
437246, 702.537500
437372, 704.163800
437500, 712.236300
437670, 704.018800
437801, 709.152500
437975, 721.191300
438125, 713.667500
438281, 716.556300
438453, 703.546300
438624, 702.503800
438765, 706.395000
438936, 711.956300
439097, 742.070000
439260, 735.406300
439424, 749.677500
439582, 750.632500
439718, 728.607500
439850, 736.716300
439974, 748.225000
440112, 741.596300
440268, 736.398800
440410, 738.277500
440569, 732.823800
440732, 728.425000
440872, 731.746300
441034, 731.765000
441196, 742.007500
441320, 753.255000
441478, 771.407500
441605, 764.972500
441788, 766.463800
441945, 750.708800
442087, 758.810000
442238, 763.897500
442418, 766.751300
442565, 770.415000
442707, 773.211300
442839, 768.621300
443011, 777.911300
443173, 775.250000
443363, 776.636300
443496, 775.480000
443628, 780.850000
443752, 788.576300
443893, 788.588800
444044, 790.156300
444185, 798.785000
444335, 833.102500
444495, 858.736300
444642, 916.787500
444798, 894.202500
444942, 894.482500
445089, 902.553800
445252, 931.113800
445389, 978.008800
445559, 969.625000
445718, 960.471300
445864, 968.227500
446020, 997.688800
446187, 1018.050000
446318, 1030.817500
446493, 1129.870000
446651, 1005.815000
446786, 895.670000
446951, 905.170000
447099, 913.523800
447245, 899.350000
447396, 904.792500
447540, 775.981300
447701, 802.828800
447881, 826.121300
448025, 818.638800
448199, 822.422500
448370, 830.263800
448525, 904.453800
448692, 884.251300
448852, 898.021300
449020, 891.623800
449204, 920.011300
449372, 925.331300
449557, 912.687500
449706, 885.647500
449839, 894.110000
449996, 915.100000
450158, 918.562500
450323, 920.280000
450474, 914.043800
450648, 920.241300
450776, 967.667500
450930, 987.346300
451129, 1007.795000
451282, 1018.111300
451429, 1033.652500
451565, 1013.993800
451726, 1024.612500
451864, 1052.538800
452002, 1054.343800
452159, 988.947500
452325, 993.078800
452464, 1010.002500
452608, 999.512500
452758, 996.857500
452902, 1009.251300
453083, 1009.116300
453215, 1034.082500
453364, 1053.122500
453527, 1058.406300
453671, 1052.817500
453810, 1083.241300
453961, 1123.656300
454092, 1122.195000
454233, 1178.384000
454392, 1180.918000
454534, 1151.581000
454703, 1179.968000
454898, 1194.278000
455029, 1190.888000
455191, 1230.016000
455322, 1260.924000
455480, 1290.786000
455641, 1267.680000
455765, 1277.685000
455923, 1280.868000
456064, 1232.431000
456210, 1150.481000
456363, 1191.815000
456512, 1117.025000
456654, 1181.645000
456803, 1229.505000
456956, 1243.242000
457105, 1246.309000
457269, 1259.601000
457407, 1172.909000
457559, 1070.128000
457718, 970.598000
457869, 1017.800000
458034, 1041.343000
458177, 1115.039000
458307, 1037.440000
458471, 1029.950000
458624, 935.946000
458789, 964.692000
458935, 965.229000
459079, 1040.491000
459221, 1044.251000
459373, 1040.392000
459514, 1037.527000
459685, 1079.748000
459809, 1089.511000
459952, 1098.776000
460112, 1147.631000
460275, 1143.746000
460410, 1134.998000
460553, 1190.597000
460712, 1193.019000
460866, 1184.824000
461009, 1210.055000
461163, 1213.339000
461317, 1224.767000
461477, 1216.505000
461626, 1178.533000
461762, 1183.440000
461886, 1180.699000
462042, 1184.787000
462193, 1203.731000
462323, 1217.596000
462470, 1226.939000
462604, 1255.403000
462756, 1257.135000
462921, 1244.375000
463058, 1248.217500
463219, 1248.325000
463351, 1263.545000
463481, 1284.845000
463642, 1329.190000
463789, 1320.051300
463910, 1327.038800
464096, 1347.958800
464241, 1402.083800
464388, 1443.682500
464562, 1491.998800
464685, 1515.628800
464854, 1512.208800
464993, 1548.286300
465153, 1555.471300
465322, 1639.322500
465506, 1706.931300
465655, 1756.802500
465804, 1807.372500
465949, 1676.993800
466093, 1759.961300
466257, 1772.416300
466412, 1697.378800
466581, 1718.201300
466723, 1802.163800
466868, 1887.326300
467021, 1968.102500
467183, 2051.735000
467333, 2055.617500
467495, 2139.027500
467643, 2291.477500
467798, 2476.296300
467964, 2357.503800
468112, 2247.482500
468271, 2106.307500
468438, 2207.577500
468596, 2289.870000
468756, 2197.233800
468942, 2330.233800
469098, 2452.181300
469269, 2517.408800
469433, 2555.653800
469605, 2552.808800
469769, 2736.595000
469937, 2914.082500
470088, 2694.218800
470254, 2825.031300
470409, 2826.700000
470559, 2942.345000
470714, 3018.545000
470843, 2682.595000
471002, 2738.931300
471147, 2494.485000
471274, 2456.923800
471436, 2528.102500
471594, 2663.997500
471727, 2576.171300
471867, 2641.665000
472006, 2778.827500
472164, 2712.157500
472297, 2740.790000
472429, 2738.225000
472599, 2619.118800
472747, 2594.453800
472870, 2485.358800
473009, 2593.170000
473149, 2584.563800
473288, 2561.561300
473421, 2499.983800
473575, 2460.200000
473727, 2529.783800
473923, 2581.066300
474083, 2625.071300
474239, 2629.272500
474397, 2619.112500
474542, 2521.236300
474689, 2579.933800
474851, 2525.675000
474988, 2371.960000
475182, 2332.187500
475371, 2423.160000
475527, 2364.516300
475696, 2232.655000
475829, 1993.258800
475959, 1938.942500
476124, 2244.265000
476264, 2327.897500
476427, 2294.405000
476592, 2877.386300
476747, 2694.291300
476895, 2838.810000
477069, 2762.626300
477231, 2779.043800
477415, 2591.216300
477564, 2550.180000
477699, 2697.472500
477859, 2805.178800
478007, 2720.080000
478166, 2746.326300
478320, 2873.832500
478454, 2735.587500
478615, 2723.580000
478767, 2814.361300
478891, 2883.681300
479076, 3301.758800
479263, 3255.002500
479388, 3431.968800
479556, 3453.162500
479709, 3377.543800
479848, 3445.280000
479982, 3679.607500
480124, 3917.648800
480256, 4111.196300
480414, 4382.741300
480532, 4204.430000
480693, 4425.296300
480824, 4316.340000
480984, 4159.457500
481147, 4206.131300
481306, 4111.220000
481431, 4054.942500
481544, 4137.672500
481629, 4191.217500
481785, 4362.475000
481908, 4408.323800
481998, 4387.461300
482102, 4394.515000
482263, 4439.658800
482386, 4648.133800
482525, 4630.727500
482706, 4764.867500
482858, 4950.723800
483033, 4643.975000
483185, 4631.695000
483351, 4319.721300
483540, 4422.121300
483708, 4626.720000
483891, 4638.097500
484072, 4317.537500
484227, 4291.880000
484406, 4191.175000
484562, 4188.845000
484716, 4148.267500
484908, 3874.258800
485107, 3226.412500
485263, 3686.900000
485454, 3678.737500
485614, 3672.566300
485789, 4067.077500
485933, 3896.998800
486065, 3858.088800
486200, 3612.681300
486380, 3603.308800
486511, 3777.293800
486683, 3662.120000
486836, 3927.498800
486947, 3895.512500
487089, 4208.561300
487224, 4185.292500
487399, 4164.103800
487582, 4353.047500
487715, 4394.638800
487846, 4404.097500
488003, 4320.090000
488175, 4225.923800
488318, 4322.755000
488437, 4370.245000
488600, 4437.033800
488758, 4596.962500
488943, 4772.975000
489095, 4754.698800
489264, 4830.766300
489388, 5439.133800
489554, 5640.127500
489693, 5809.693800
489833, 5697.391700
490026, 5754.221300
490204, 5595.235000
490357, 5572.198800
490516, 5699.583800
490698, 5984.086300
490870, 6013.228800
491027, 5984.956300
491196, 5895.298800
491371, 5518.850000
491546, 5733.903800
491714, 5888.145000
491923, 5767.680000
492020, 5732.825000
492107, 6140.531300
492251, 6121.800000
492405, 6447.667500
492553, 6750.172500
492694, 7030.002500
492852, 7161.451300
492977, 7386.998800
493095, 7382.448800
493248, 6958.211300
493375, 7118.801300
493527, 7458.795000
493679, 7146.781300
493820, 6570.312500
493953, 6337.000000
494038, 5857.317500
494097, 6517.676300
494244, 6598.768800
494383, 7279.001300
494521, 7843.937500
494680, 7689.908800
494835, 7776.940000
494978, 8033.936300
495148, 8238.202500
495299, 8095.593800
495485, 8230.692500
495644, 8002.641300
495790, 8201.461300
495947, 8763.785000
496108, 9326.588800
496246, 9739.055000
496420, 9908.228800
496587, 9816.347500
496748, 9916.536300
496918, 10859.562500
497084, 10895.013800
497258, 11180.887500
497435, 11616.855000
497610, 11696.058300
497792, 13708.991300
497991, 16858.020000
498126, 16057.145000
498296, 14913.403800
498468, 15036.956300
498628, 16699.677500
498808, 17178.102500
498953, 16407.202500
499138, 16531.083800
499328, 17601.943800
499493, 19343.040000
499664, 19086.643800
499858, 18960.522500
500020, 17608.350000
500174, 16454.722500
500322, 15561.050000
500441, 13857.145000
500599, 14548.710000
500748, 13975.436300
500889, 13917.027500
501029, 15745.257500
501156, 15378.285000
501323, 14428.760000
501476, 14427.870000
501631, 12629.813800
501781, 13860.136300
501948, 13412.440000
502099, 14740.756300
502276, 15134.651300
502439, 15155.226300
502595, 16937.173800
502747, 17135.836300
502901, 16178.495000
503071, 14970.357500
503246, 14439.473800
503392, 14890.722500
503568, 13287.260000
503768, 13812.715000
503927, 14188.785000
504088, 13619.028800
504253, 13585.901300
504386, 11348.020000
504555, 11141.248800
504726, 11250.647500
504890, 11514.925000
505054, 12759.641300
505231, 11522.858800
505418, 10772.150000
505592, 10839.826300
505763, 11399.520000
505938, 11137.237500
506110, 11090.063800
506255, 11407.153800
506414, 11694.467500
506572, 11158.393800
506709, 10034.997500
506882, 10166.506300
507003, 9052.576300
507157, 8827.630000
507337, 9224.391300
507482, 8186.648800
507660, 6914.260000
507861, 7700.386300
508013, 7581.803800
508158, 8237.236300
508297, 8689.838800
508428, 8556.612500
508568, 8070.796300
508733, 8891.212500
508884, 8516.243800
509055, 9477.840000
509214, 10016.488800
509356, 10178.712500
509523, 11092.147500
509667, 10396.630000
509832, 11159.723800
509991, 11228.241300
510120, 10456.172500
510305, 9830.426300
510461, 10149.462500
510592, 9682.382500
510744, 9586.460000
510905, 10313.082500
511044, 10564.418800
511219, 10309.641300
511371, 10907.590000
511533, 11019.521300
511694, 11438.651300
511858, 11479.731300
512019, 11432.982500
512172, 10709.527500
512317, 9906.800000
512486, 9299.283800
512649, 9237.050000
512784, 8787.163800
512935, 9532.741300
513069, 9118.271300
513241, 9144.147500
513409, 8196.897500
513543, 8256.993800
513684, 8269.327500
513849, 7862.108800
513986, 8196.022500
514147, 8594.191300
514306, 8915.903800
514426, 8895.400000
514582, 8712.891300
514719, 8918.743800
514853, 8535.893800
515014, 8449.835000
515142, 8138.336300
515296, 7790.157500
515439, 7937.205000
515585, 7086.487500
515736, 6844.321300
515887, 6926.017500
516023, 6816.740000
516194, 7049.793800
516340, 7417.887500
516496, 6789.301300
516632, 6774.751300
516800, 6620.408800
516946, 6896.281300
517119, 7022.708800
517272, 6773.938800
517436, 6830.903800
517585, 6939.550000
517751, 7916.372500
517918, 7889.231300
518063, 8003.681300
518222, 8357.037500
518366, 8051.345000
518514, 7890.150000
518682, 8163.690000
518828, 8273.741300
519006, 8863.502500
519166, 8917.596300
519304, 8792.830000
519474, 8938.303800
519633, 9652.156300
519776, 8864.087500
519913, 9278.997500
520056, 8978.332500
520182, 9342.471300
520324, 9392.031300
520467, 9244.322500
520628, 9067.715000
520788, 9219.863800
520926, 9734.675000
521082, 9692.717500
521229, 9826.597500
521364, 9619.143800
521519, 9362.533800
521669, 9180.158800
521803, 9306.000000
521966, 9014.615000
522116, 8406.175000
522237, 8467.656300
522412, 8688.028800
522555, 8675.206300
522681, 8474.238800
522839, 8340.298800
523000, 8058.603800
523154, 8240.725000
523301, 8234.152500
523434, 8520.812500
523598, 8395.232500
523747, 7983.517500
523901, 7502.558800
524059, 7578.691300
524195, 7460.693800
524374, 7334.163800
524542, 7344.967500
524701, 7105.672500
524859, 7460.583800
525008, 7375.670000
525165, 7487.187500
525339, 7518.245000
525517, 7636.193800
525664, 7711.365000
525837, 7490.590000
525996, 7616.891300
526187, 7655.978800
526336, 7688.003800
526468, 7616.102500
526623, 7497.343800
526774, 6765.801300
526889, 6877.182500
527030, 6548.330000
527180, 6299.522500
527313, 6637.738800
527483, 6410.722500
527636, 6485.868800
527781, 6443.672500
527951, 6709.480000
528103, 6737.413800
528257, 6758.378800
528417, 6717.202500
528583, 6053.896300
528742, 6170.560000
528900, 6150.188800
529073, 6247.467500
529227, 6074.917500
529383, 6132.562500
529497, 5848.263800
529659, 6203.901300
529789, 6387.306300
529941, 6347.858800
530091, 6613.270000
530232, 6504.926300
530358, 6584.766300
530499, 6531.200000
530620, 6600.986300
530782, 6755.561300
530941, 6704.182500
531087, 6664.206300
531232, 6302.490000
531392, 6381.872500
531518, 6245.633800
531664, 6217.606300
531796, 6247.227500
531934, 6349.037500
532070, 6726.405000
532188, 7314.942500
532344, 7378.757500
532523, 7470.825000
532676, 7330.536300
532843, 7404.287500
532991, 7396.286300
533150, 7717.500000
533335, 8397.635000
533483, 8166.760000
533657, 7929.610000
533825, 8183.025000
533978, 8229.960000
534134, 8215.560000
534317, 8167.998800
534433, 7726.891300
534589, 7603.748800
534743, 7535.020000
534895, 7415.561300
535065, 7009.088800
535245, 7026.991300
535395, 6937.073800
535531, 6717.208800
535667, 6280.580000
535838, 6537.902500
535985, 6143.305000
536149, 6233.381300
536330, 6312.833800
536492, 6252.370000
536629, 6192.306300
536773, 6270.042500
536938, 6314.241300
537081, 6583.238800
537244, 6395.352500
537397, 6485.746300
537552, 6256.606300
537696, 6477.376300
537841, 6357.587500
538002, 6525.608800
538163, 6692.621300
538292, 6732.502500
538438, 6707.632500
538623, 6907.661300
538778, 7076.745000
538951, 7035.812500
539096, 6982.400000
539235, 7013.973800
539397, 7192.298800
539532, 7295.130000
539688, 7261.486300
539838, 7358.496300
539957, 6687.012500
540089, 6498.618800
540248, 6396.268800
540392, 6183.380000
540552, 6238.540000
540713, 6305.573800
540848, 6282.921300
540985, 6328.930000
541138, 6486.621300
541295, 6492.375000
541429, 6515.898800
541561, 6497.366300
541715, 6251.160000
541848, 6334.196300
541988, 6388.978800
542144, 6491.640000
542307, 6753.180000
542434, 6712.167500
542604, 6701.297500
542753, 6581.510000
542899, 6434.648800
543068, 6458.652500
543197, 6684.131300
543343, 6621.665000
543504, 6583.771300
543649, 6606.085000
543811, 6578.793800
543982, 6506.657500
544104, 6470.713800
544255, 6555.875000
544407, 6589.403800
544532, 6563.425000
544660, 6582.401300
544807, 6622.401300
544935, 6606.882500
545073, 6550.731300
545202, 6177.233800
545365, 6211.668800
545511, 6227.510000
545638, 6222.215000
545759, 6513.383800
545925, 6531.362500
546048, 6514.641300
546192, 6450.785000
546343, 6418.852500
546464, 6455.485000
546614, 6453.820000
546754, 6448.098800
546907, 6434.253800
547066, 6450.310000
547173, 6427.397500
547307, 6436.971300
547453, 6431.088800
547591, 6426.550000
547728, 6285.233800
547884, 6283.526300
548039, 6320.458800
548195, 6358.400000
548359, 6368.855000
548486, 6346.806300
548650, 6439.478800
548788, 6420.865000
548914, 6465.987500
549051, 6520.108800
549189, 6425.263800
549304, 6353.876300
549439, 6368.675000
549567, 6380.815000
549707, 6356.023800
549846, 6307.245000
549977, 5681.981300
550095, 5620.877500
550232, 5548.233800
550348, 5536.071300
550493, 5582.700000
550628, 4785.153800
550748, 4413.802500
550878, 4574.358800
550997, 4289.688800
551114, 4319.993800
551239, 3815.921300
551383, 3976.571300
551497, 3761.421300
551618, 3800.196300
551736, 4241.575000
551865, 4263.875000
551977, 3992.155000
552064, 4165.606300
552196, 4116.613800
552313, 3855.683300
552426, 3929.628300
552560, 3722.391700
552703, 3466.150000
552819, 3404.456700
552943, 3433.363300
553077, 3566.341700
553184, 3447.345000
553325, 3378.115000
553442, 3465.336700
553566, 3292.088300
553699, 3223.763300
553837, 3214.385000
553994, 3229.168300
554114, 3540.196700
554251, 3703.805000
554387, 3724.993300
554547, 4107.686700
554678, 3886.305000
554815, 4031.895000
554970, 3987.881700
555156, 4069.806700
555322, 3823.058300
555464, 3809.190000
555636, 3632.680000
555816, 3937.050000
555963, 3779.713300
556116, 3880.906700
556297, 3740.500000
556444, 3869.470000
556595, 3941.216700
556753, 3832.155000
556892, 3863.626700
557050, 3835.598300
557214, 4083.165000
557355, 4041.458300
557500, 4029.991700
557654, 4028.291700
557827, 3669.582500
557986, 3660.958300
558121, 3658.672500
558275, 3540.158300
558414, 3706.172500
558552, 3604.133300
558695, 3630.256700
558813, 3665.410000
558944, 3630.785000
559086, 3708.963300
559206, 3552.893300
559379, 3548.690000
559531, 3598.218300
559650, 3576.010000
559802, 3598.271700
559967, 3582.200000
560092, 3580.775000
560244, 3553.013300
560395, 3454.480000
560527, 3421.120000
560684, 3482.300000
560812, 3441.985000
560969, 3468.251700
561129, 3466.217500
561271, 3443.166700
561408, 3451.115000
561564, 3472.035000
561696, 3393.671700
561870, 3385.970000
562050, 3657.401700
562196, 3654.300000
562358, 3681.051700
562490, 3621.028300
562640, 3622.713300
562776, 3605.313300
562911, 3592.910000
563064, 3601.058300
563189, 3611.975000
563329, 3661.741700
563499, 3905.743300
563660, 3922.098300
563800, 3976.790000
563943, 3936.340000
564070, 3979.995000
564213, 4145.438300
564371, 3767.305000
564494, 3852.160000
564639, 3830.673300
564805, 3832.260000
564925, 3826.023300
565091, 3850.071700
565262, 3845.113300
565385, 3820.146700
565533, 3732.573300
565682, 3880.800000
565817, 3884.998300
565951, 3891.731700
566087, 3875.470000
566235, 3950.610000
566380, 3932.043300
566513, 3882.615000
566653, 3891.346700
566804, 3882.801700
566925, 3885.988300
567084, 3935.415000
567248, 4022.538300
567394, 3999.661700
567553, 4004.811700
567718, 4033.718300
567879, 4064.086700
568042, 3999.323300
568175, 4003.550000
568341, 4009.468300
568496, 3994.028300
568637, 3929.308300
568789, 3945.325000
568935, 4051.903300
569071, 4039.001700
569219, 4119.018300
569369, 4117.848300
569509, 4117.510000
569635, 4156.390000
569778, 4908.688300
569935, 4977.001700
570070, 4917.846700
570215, 5053.720000
570378, 5058.340000
570507, 5208.020000
570647, 5296.931700
570803, 5196.985000
570928, 5319.705000
571086, 5046.865000
571246, 5088.748300
571385, 5077.718300
571526, 5172.451700
571645, 5033.095000
571790, 5214.550000
571937, 5237.380000
572067, 5290.743300
572215, 5297.566700
572381, 5326.938300
572493, 5305.996700
572663, 5396.578300
572809, 5540.111700
572918, 5454.448300
573083, 5160.640000
573214, 5241.025000
573369, 5247.240000
573523, 5266.346700
573656, 5259.626700
573828, 5378.618300
573979, 5423.660000
574144, 5503.301700
574324, 5775.881700
574491, 5876.010000
574615, 5823.795000
574748, 5799.616700
574904, 5861.591700
575024, 6029.080000
575178, 6187.280000
575308, 6375.561700
575445, 7184.640000
575584, 6979.131700
575731, 7801.296700
575906, 7978.010000
576063, 8180.425000
576199, 7875.163300
576356, 7376.853300
576509, 7259.506700
576646, 8189.376700
576817, 7995.965000
576975, 7945.045000
577130, 7623.513300
577305, 7875.996700
577450, 7998.220000
577606, 8063.948300
577751, 8738.180000
577906, 8783.068300
578084, 8724.455000
578253, 8670.265000
578411, 8273.011700
578579, 8544.970000
578704, 8553.126700
578851, 8737.361700
578983, 8105.130000
579094, 7677.398300
579245, 7785.985000
579420, 7806.715000
579570, 8001.276700
579721, 7928.541700
579857, 7634.648300
579989, 8016.691700
580160, 7913.893300
580304, 8173.356700
580432, 8232.753300
580579, 8693.765000
580728, 8857.078300
580894, 8976.536700
581027, 9340.250000
581152, 9083.816700
581318, 9288.536700
581499, 9539.788300
581629, 10232.916700
581776, 10695.368300
581923, 10860.823300
582092, 11041.853300
582278, 11752.678300
582426, 12907.135000
582580, 11170.885000
582732, 12356.278300
582871, 11882.508300
583062, 10769.421700
583223, 10599.326700
583358, 10850.400000
583505, 11976.631700
583697, 11151.918300
583849, 10996.426700
584038, 11252.453300
584232, 11476.408300
584371, 12294.656700
584552, 12563.215000
584704, 12096.653300
584839, 11345.771700
584976, 11789.336700
585121, 11350.628300
585268, 10194.210000
585426, 10842.451700
585556, 9422.451700
585722, 9692.706700
585863, 10636.910000
585973, 10526.391700
586095, 10754.290000
586276, 10586.243300
586425, 10325.825000
586588, 9849.820000
586711, 9771.566700
586872, 9882.100000
587016, 9844.558300
587173, 9466.271700
587330, 9527.771700
587503, 9501.031700
587668, 9588.603300
587807, 10090.535000
587985, 10405.206700
588128, 10526.216700
588301, 10818.698300
588449, 10979.313300
588625, 11802.016700
588788, 11467.198300
588927, 11981.151700
589100, 12010.898300
589244, 11868.753300
589370, 11289.490000
589534, 11561.710000
589688, 11396.543300
589827, 10875.348300
589976, 10036.186700
590137, 10307.895000
590281, 10358.768300
590431, 10220.603300
590556, 10321.731700
590688, 10924.965000
590856, 10776.908300
590995, 10133.348300
591145, 10113.200000
591283, 10406.743300
591431, 10147.763300
591593, 10138.668300
591751, 10365.178300
591881, 10177.926700
592023, 9723.805000
592160, 9500.636700
592326, 9588.071700
592502, 9608.646700
592649, 9773.341700
592804, 10386.915000
592956, 10634.643300
593108, 10583.661700
593254, 10580.270000
593430, 10308.036700
593578, 10488.410000
593722, 10404.643300
593909, 10314.971700
594046, 10107.721700
594241, 10164.086700
594391, 10433.556700
594574, 10372.553300
594733, 10365.446700
594874, 10312.668300
595022, 10271.015000
595197, 10199.905000
595331, 10165.326700
595509, 10282.656700
595666, 10179.955000
595807, 9989.755000
595978, 10036.706700
596125, 9694.506700
596261, 8538.105000
596412, 8449.916700
596561, 8075.966700
596736, 8200.283300
596878, 8221.378300
597032, 8067.268300
597167, 8316.876700
597305, 8326.580000
597441, 8395.218300
597589, 8246.541700
597741, 8161.348300
597871, 8153.976700
598045, 7868.340000
598177, 8217.633300
598338, 8191.071700
598510, 8596.453300
598634, 8590.373300
598805, 8272.395000
598965, 8311.811700
599096, 8290.971700
599251, 8362.073300
599379, 8171.270000
599521, 8002.848300
599665, 8081.313300
599804, 7966.266700
599978, 7974.088300
600128, 8242.863300
600252, 8221.373300
600421, 8034.545000
600592, 7478.905000
600753, 7435.846700
600900, 8671.508300
601040, 9261.998300
601164, 9555.305000
601294, 9223.206700
601430, 9437.585000
601572, 9170.285000
601692, 9164.365000
601836, 9265.431700
601951, 9312.360000
602101, 9211.600000
602231, 9424.185000
602356, 9326.603300
602509, 9345.690000
602646, 9205.808300
602763, 8770.361700
602909, 8813.356700
603055, 9044.781700
603198, 8726.360000
603364, 8820.233300
603495, 8775.101700
603631, 8639.183300
603804, 8471.278300
603952, 8496.600000
604105, 8516.080000
604268, 8191.066700
604402, 8136.276700
604548, 8098.318300
604696, 7633.950000
604827, 7292.740000
604957, 7335.321700
605141, 6924.848300
605258, 7136.761700
605393, 7175.526700
605505, 7531.828300
605646, 7442.296700
605818, 7770.540000
605939, 7571.408300
606078, 7420.841700
606222, 7320.816700
606358, 7312.883300
606518, 7211.350000
606684, 7404.403300
606827, 7556.881700
606975, 7517.200000
607116, 7539.520000
607269, 7351.336700
607428, 7232.843300
607564, 7213.476700
607703, 7199.510000
607845, 7263.045000
607982, 7077.151700
608145, 7125.816700
608268, 6893.236700
608417, 6633.371700
608563, 7299.736700
608701, 7161.965000
608849, 7198.785000
609015, 7150.913300
609171, 7520.043300
609351, 7324.495000
609503, 7261.025000
609615, 7204.021700
609757, 7205.803300
609925, 7259.670000
610053, 7313.693300
610213, 7397.535000
610371, 7234.615000
610530, 7182.401700
610673, 7188.463300
610841, 6961.568300
610989, 7346.580000
611162, 7355.855000
611309, 7356.311700
611487, 7761.825000
611629, 8157.761700
611779, 8042.873300
611947, 7816.923300
612110, 8189.265000
612249, 8016.426700
612415, 8178.883300
612574, 8105.478300
612710, 8807.426700
612855, 8808.486700
612998, 8716.913300
613156, 8890.250000
613325, 8901.170000
613453, 8698.571700
613605, 8631.288300
613764, 8727.603300
613902, 8661.010000
614059, 8392.145000
614229, 8436.490000
614375, 8337.101700
614537, 8602.741700
614669, 8901.506700
614812, 9393.273300
614961, 9290.460000
615099, 9508.725000
615264, 9346.133300
615419, 9388.661700
615564, 9333.080000
615710, 9291.643300
615864, 9175.336700
615990, 9613.403300
616150, 9750.546700
616295, 9808.596700
616420, 9897.658300
616565, 10161.283300
616696, 9852.718300
616840, 10266.100000
616986, 10347.951700
617108, 10230.078300
617262, 10356.756700
617406, 9903.021700
617544, 9926.200000
617684, 9706.080000
617851, 10185.876700
617985, 9593.480000
618134, 9607.310000
618251, 9695.558300
618408, 9667.843300
618565, 9973.273300
618691, 9664.633300
618841, 9313.920000
618994, 8790.120000
619121, 8816.585000
619274, 8715.661700
619437, 8538.398300
619572, 8540.256700
619747, 8926.251700
619902, 8768.180000
620043, 8767.886700
620216, 9073.275000
620371, 9165.151700
620525, 8905.951700
620695, 8050.188300
620847, 7944.450000
620997, 7899.226700
621136, 7951.170000
621254, 4914.085000
621398, 5629.576700
621531, 5182.321700
621656, 5360.060000
621778, 5043.678300
621883, 5337.093300
622007, 5411.621700
622120, 6180.270000
622222, 6206.611700
622329, 6197.618300
622461, 5803.670000
622579, 6492.940000
622692, 6766.781700
622829, 6687.705000
622912, 6709.950000
623077, 6698.730000
623240, 6226.545000
623365, 5882.006700
623505, 6568.805000
623658, 6449.950000
623822, 6671.950000
623962, 6833.050000
624123, 6740.075000
624264, 6872.915000
624406, 6778.610000
624575, 7297.750000
624726, 7360.370000
624877, 7341.150000
625031, 7314.950000
625172, 6909.950000
625336, 6814.050000
625500, 7143.450000
625650, 6763.065000
625819, 6885.100000
625994, 6727.150000
626147, 7055.822500
626320, 7086.850000
626450, 7226.610000
626597, 7170.650000
626759, 6896.310000
626914, 6856.800000
627058, 7137.850000
627203, 7556.950000
627332, 7502.900000
627484, 7598.605000
627621, 7602.640000
627750, 7674.375000
627897, 7724.150000
628059, 8273.450000
628192, 8740.750000
628322, 8771.572500
628475, 8891.445000
628617, 8819.010000
628787, 8801.360000
628935, 8900.300000
629093, 9248.947500
629262, 9375.950000
629399, 9986.667500
629539, 9740.815000
629674, 8465.450000
629837, 8857.062500
630005, 8729.950000
630157, 9099.200000
630274, 9582.582500
630382, 9523.595000
630517, 9465.050000
630635, 9775.125000
630736, 9636.550000
630863, 9789.750000
630977, 9772.205000
631102, 9335.150000
631218, 9177.800000
631344, 9186.831700
631463, 9203.130000
631573, 8776.340000
631707, 8871.050000
631827, 8923.050000
631961, 9207.950000
632087, 9448.365000
632222, 9550.815000
632365, 9545.150000
632528, 9564.950000
632640, 10136.500000
632785, 9594.450000
632929, 9529.550000
633069, 9836.805000
633251, 9679.750000
633453, 9621.550000
633606, 9730.365000
633766, 9668.960000
633935, 9731.050000
634091, 9797.500000
634277, 9475.950000
634423, 9432.387500
634600, 9421.895000
634769, 9137.250000
634903, 9490.737500
635066, 9474.640000
635204, 9447.250000
635326, 9276.150000
635466, 9312.005000
635608, 9339.125000
635744, 9474.900000
635892, 9591.715000
636037, 9510.300000
636188, 9274.126700
636334, 9127.550000
636476, 9164.315000
636627, 8991.500000
636785, 9096.150000
636919, 9144.385000
637075, 9153.950000
637237, 9199.875000
637387, 9094.955000
637553, 9083.395000
637728, 9075.312500
637875, 9203.250000
638036, 9265.375000
638187, 9279.583300
638346, 9403.850000
638512, 9144.715000
638661, 9278.050000
638822, 9279.050000
638983, 9294.662500
639127, 9202.406700
639272, 9214.127500
639418, 9116.325000
639547, 9122.220000
639666, 9140.257500
639789, 9156.110000
639929, 9185.375000
640069, 9206.512500
640191, 9357.195000
640332, 9511.615000
640475, 9544.480000
640604, 9601.750000
640774, 9712.080000
640938, 10300.500000
641085, 10985.311700
641226, 10982.500000
641386, 11053.500000
641508, 11025.500000
641657, 11354.156700
641787, 11301.280000
641935, 11164.445000
642098, 11275.995000
642231, 11219.500000
642376, 11796.817400
642534, 11827.265000
642675, 11568.500000
642823, 11666.450000
642987, 12010.280000
643106, 11832.500000
643272, 11342.010000
643404, 11565.095000
643577, 11759.500000
643738, 11895.627000
643888, 11908.330000
644050, 11856.500000
644186, 12327.500000
644305, 11918.500000
644454, 11833.897400
644604, 11583.138900
644747, 11674.624400
644890, 11611.500000
645053, 11744.012700
645189, 11378.726000
645330, 11458.822600
645466, 11302.121000
645588, 11482.225700
645763, 11515.044400
645900, 11657.003900
646033, 11678.373300
646193, 11964.208700
646329, 11795.700000
646482, 11302.887500
646616, 10292.598300
646742, 10439.500000
646884, 10110.440000
647031, 10164.130000
647206, 10316.583300
647366, 10032.500000
647510, 10341.016000
647667, 10380.539600
647816, 10436.365400
647972, 10313.068600
648146, 10680.297600
648322, 10829.505300
648467, 11033.383500
648630, 10937.111300
648815, 10933.931200
648964, 11048.879300
649120, 10852.910100
649251, 10526.202900
649407, 10531.164600
649543, 10260.033000
649661, 10672.956800
649820, 10729.069600
649986, 10741.476500
650122, 10752.345500
650286, 10863.065700
650426, 10764.284400
650554, 10741.579600
650706, 10626.601000
650825, 10567.330200
650970, 10555.028700
651129, 10660.611200
651273, 10756.404600
651417, 10589.626400
651562, 10645.754800
651703, 10897.595400
651866, 11063.531700
652005, 11304.491700
652141, 11377.168300
652287, 11545.158300
652449, 11432.475000
652597, 11430.871700
652761, 11510.536700
652895, 11325.521700
653052, 11369.913300
653219, 11516.966700
653339, 11758.546700
653462, 11922.975000
653609, 12811.486700
653736, 12987.901700
653878, 12940.106700
654009, 13127.055000
654153, 13039.013300
654277, 13067.828300
654392, 13638.760000
654482, 13276.453300
654591, 13459.798300
654698, 13566.925000
654807, 13797.103300
654916, 13762.970000
655048, 13567.223300
655143, 14030.790000
655286, 14158.810000
655445, 15593.555000
655577, 15589.003300
655737, 14843.945000
655895, 15489.470000
656022, 15334.870000
656206, 15313.443300
656343, 15706.540000
656497, 16301.026700
656660, 16330.343300
656794, 16075.713300
656948, 15968.245000
657099, 16720.605000
657250, 17676.335000
657407, 17785.266700
657584, 17815.078300
657708, 18675.433300
657885, 18697.513300
658035, 18423.513300
658228, 18381.716700
658382, 19161.268300
658503, 18723.546700
658664, 17182.485000
658822, 17156.303300
658962, 17737.966700
659125, 18196.546700
659278, 19708.096700
659384, 18795.196700
659539, 19226.220000
659679, 19450.266700
659820, 18657.420000
659974, 19157.925000
660104, 19386.711700
660238, 19185.396700
660406, 18322.553300
660539, 18553.920000
660684, 18255.923300
660816, 18039.761700
660946, 18811.061700
661087, 19168.753300
661249, 19274.873300
661383, 19444.548300
661529, 21349.846700
661660, 22812.281700
661793, 23133.286700
661955, 23835.305000
662100, 23458.996700
662258, 22718.225000
662407, 23817.306700
662542, 23229.013300
662692, 23729.648300
662827, 24707.801700
662960, 26445.950000
663107, 26248.276700
663258, 27041.866700
663408, 27353.978300
663559, 28886.040000
663727, 28956.265000
663889, 29391.775000
664054, 32198.480000
664193, 33033.620000
664356, 32017.565000
664537, 34035.006700
664677, 36826.978300
664861, 39475.606700
665040, 40616.721700
665174, 40227.868300
665322, 38191.550000
665468, 35463.188300
665627, 34059.913300
665783, 37375.803300
665931, 39138.075000
666077, 36770.043300
666237, 36029.196700
666380, 35845.021700
666506, 36656.993300
666662, 35929.168300
666807, 35510.670000
666954, 30838.500000
667087, 33018.825000
667221, 32106.703300
667372, 32297.165000
667507, 32255.350000
667652, 32518.358300
667821, 30425.393300
667944, 33420.045000
668106, 34264.010000
668258, 34324.271700
668380, 33129.743300
668539, 33543.770000
668667, 35528.310000
668803, 37685.276700
668958, 36984.678300
669102, 38306.246700
669281, 39269.341700
669443, 38862.350000
669594, 46436.090000
669764, 46502.293300
669907, 44855.616700
670054, 48004.653300
670177, 47410.403300
670327, 47211.668300
670466, 48633.260000
670630, 47934.126700
670788, 49185.728300
670891, 52127.320000
671032, 51573.406700
671165, 55923.130000
671324, 55898.440000
671478, 57441.600000
671613, 54117.495000
671750, 48901.016700
671875, 49734.520000
672022, 47104.783300
672185, 46329.740000
672335, 46189.378300
672485, 45256.413300
672616, 49619.643300
672730, 48502.808300
672890, 50422.168300
673046, 48365.145000
673166, 48780.960000
673315, 48887.023300
673474, 50985.941700
673606, 52393.360000
673768, 54932.336700
673917, 55890.255000
674055, 57827.613300
674194, 57254.900000
674352, 61184.826700
674475, 58991.568300
674642, 55652.006700
674781, 56921.495000
674938, 58899.975000
675076, 57638.090000
675213, 58069.256700
675374, 58119.091700
675530, 57372.978300
675673, 54091.968300
675837, 54343.355000
676002, 52291.855000
676144, 51344.275000
676308, 55046.030000
676422, 55853.771700
676592, 55777.286700
676740, 57641.556700
676892, 58795.946700
677053, 58793.841700
677192, 58726.683300
677351, 58981.111700
677492, 57065.380000
677610, 58221.755000
677766, 59140.685000
677932, 58011.415000
678063, 55950.970000
678219, 58087.180000
678354, 58119.590000
678500, 59791.845000
678670, 59990.873300
678803, 59856.713300
678953, 63564.833300
679099, 62954.588300
679228, 63223.768300
679401, 61394.885000
679519, 60023.513300
679607, 56232.376700
679730, 55668.228300
679820, 56499.276700
679946, 53812.075000
680056, 51722.133300
680181, 51161.146700
680325, 50123.736700
680463, 49128.240000
680599, 54069.511700
680727, 55066.080000
680878, 54877.701700
681017, 53579.958300
681135, 57736.858300
681284, 57836.006700
681408, 56608.803300
681599, 57189.483300
681752, 53240.338300
681949, 57501.215000
682117, 56437.983300
682263, 57351.066700
682443, 58940.025000
682625, 58290.330000
682812, 55862.210000
682994, 56737.843300
683170, 49514.988300
683331, 49724.318300
683502, 49903.471700
683619, 46777.288300
683755, 46493.521700
683887, 43563.343300
684006, 42896.321700
684115, 36765.598300
684239, 40593.811700
684352, 37361.405000
684458, 37516.831700
684576, 34720.741700
684694, 38856.760000
684821, 38378.960000
684949, 39299.358300
685068, 38534.771700
685187, 35678.940000
685297, 34613.670000
685416, 35649.828300
685565, 37277.445000
685693, 36681.741700
685843, 37583.650000
686018, 39232.651700
686151, 36851.841700
686283, 35534.926700
686424, 35801.131700
686570, 33580.776700
686706, 33406.481700
686845, 37383.660000
686977, 36683.916700
687103, 37338.036700
687201, 35545.981700
687333, 39018.038300
687464, 40518.688300
687589, 40160.726700
687734, 38344.723300
687858, 38087.253300
687981, 35814.641700
688113, 35519.711700
688217, 35605.680000
688316, 31651.573300
688428, 32538.255000
688514, 33690.375000
688614, 34657.973300
688720, 31586.903300
688822, 32308.725000
688919, 34708.960000
688989, 34497.755000
689060, 35918.880000
689157, 35053.418300
689255, 33524.983300
689330, 33803.965000
689436, 34684.133300
689537, 35287.203300
689666, 33694.795000
689799, 34233.846700
689934, 33876.690000
690068, 32869.958300
690204, 33805.378300
690324, 33513.486700
690500, 34254.000000
690629, 33092.925000
690741, 32727.928300
690877, 32822.181700
691051, 31870.008300
691177, 31400.421700
691330, 31539.026700
691464, 31800.120000
691620, 30837.890000
691782, 29800.736700
691908, 32146.073300
692056, 32306.591700
692205, 33646.436700
692342, 34289.101700
692490, 35417.468300
692650, 37268.708300
692802, 39489.868300
692965, 40021.718300
693116, 40039.978300
693281, 42208.223300
693452, 41458.843300
693595, 39882.385000
693768, 39154.791700
693913, 38198.685000
694062, 39742.443300
694209, 40887.410000
694379, 42856.348300
694524, 44606.610000
694694, 43804.808300
694860, 46283.233300
695004, 45606.613300
695176, 45556.013300
695312, 44415.856700
695464, 47837.678300
695611, 47098.263300
695769, 47018.901700
695949, 45927.405000
696125, 44686.333300
696281, 44725.120000
696425, 46768.708300
696577, 49345.851700
696738, 48862.046700
696911, 49278.873300
697061, 49525.478300
697256, 47705.408300
697422, 48996.073300
697570, 46842.811700
697723, 49082.578300
697875, 48923.550000
698015, 48799.581700
698176, 46996.925000
698319, 47127.200000
698449, 48840.963300
698587, 49284.700000
698745, 50012.928300
698886, 49924.728300
699043, 51788.980000
699195, 52688.241700
699372, 46856.450000
699534, 46070.405000
699668, 46391.098300
699812, 44849.310000
699955, 45168.823300
700083, 46043.956700
700243, 44955.371700
700400, 47112.176700
700563, 48139.485000
700709, 47770.446700
700833, 47297.368300
700990, 48315.043300
701144, 47247.431700
701310, 43014.721700
701467, 40681.445000
701604, 43577.951700
701721, 44893.583300
701889, 42851.701700
702044, 42709.593300
702185, 43199.486700
702328, 42178.030000
702487, 41046.441700
702630, 41535.125000
702772, 43825.541700
702915, 48162.706700
703074, 47671.936700
703267, 48233.098300
703404, 49240.260000
703560, 51495.320000
703732, 55340.015000
703863, 53798.405000
704004, 53944.276700
704134, 54960.848300
704268, 54686.133300
704434, 57490.306700
704566, 56001.745000
704715, 57375.726700
704879, 57355.028300
705010, 61693.790000
705162, 60871.446700
705298, 61518.843300
705449, 62025.166700
705602, 64286.516700
705758, 66015.096700
705897, 62201.963300
706054, 60696.970000
706217, 61307.666700
706355, 60849.566700
706509, 63084.571700
706677, 60307.653300
706839, 58457.871700
706994, 60591.943300
707142, 62253.320000
707318, 61888.405000
707480, 61338.531700
707630, 60955.768300
707760, 63246.855000
707920, 62926.823300
708094, 61444.228300
708224, 61016.288300
708383, 61514.383300
708526, 63287.790000
708685, 67544.873300
708835, 66941.871700
708974, 64924.353300
709125, 64818.750000
709294, 64142.981700
709424, 64410.975000
709584, 65495.318300
709739, 63599.746700
709886, 60112.958300
710041, 60364.085000
710198, 56925.428300
710325, 58121.781700
710471, 59763.958300
710606, 58689.538300
710744, 56290.168300
710890, 57594.305000
711020, 57172.540000
711176, 58999.118300
711310, 53798.905000
711437, 54772.275000
711579, 57319.573300
711725, 57834.505000
711864, 56974.035000
711999, 57238.621700
712128, 56522.148300
712288, 53671.990000
712464, 49247.423300
712608, 49454.103300
712779, 50516.595000
712955, 50631.126700
713100, 50510.235000
713274, 47591.026700
713439, 47176.761700
713578, 49388.085000
713745, 50105.791700
713893, 46735.516700
714020, 48385.125000
714175, 48886.060000
714306, 47645.423300
714429, 46171.715000
714584, 46863.771700
714703, 46695.385000
714851, 46913.641700
715006, 48923.306700
715150, 48620.541700
715305, 50832.251700
715466, 50831.943300
715603, 50436.643300
715757, 50796.875000
715876, 50696.565000
716028, 47549.823300
716176, 46470.690000
716308, 47138.041700
716437, 46206.176700
716587, 47742.995000
716755, 47310.923300
716919, 46448.036700
717063, 45837.333300
717201, 43430.706700
717355, 43098.685000
717506, 41541.223300
717636, 41689.195000
717785, 41864.106700
717913, 41838.461700
718064, 42744.290000
718224, 43921.283300
718353, 42577.158300
718539, 43095.525000
718701, 43096.105000
718854, 43091.256700
719042, 42224.716700
719211, 42373.681700
719335, 41676.665000
719515, 40705.441700
719674, 36462.628300
719813, 35085.140000
719951, 36286.221700
720083, 36703.220000
720235, 36981.491700
720399, 36828.100000
720512, 37194.410000
720651, 37740.736700
720813, 38186.370000
720951, 37915.898300
721101, 38499.268300
721253, 38718.806700
721394, 36918.195000
721554, 37339.930000
721688, 41580.428300
721823, 41420.236700
721955, 42414.563300
722100, 43868.430000
722235, 44080.558300
722399, 44427.395000
722530, 43529.695000
722683, 42404.538300
722827, 42235.445000
722995, 42076.918300
723166, 42551.440000
723318, 44573.148300
723496, 43900.745000
723657, 40558.950000
723808, 40016.793300
723944, 40116.055000
724096, 38411.108300
724231, 37042.723300
724360, 38273.041700
724517, 37274.856700
724659, 38357.161700
724794, 39233.738300
724935, 39138.368300
725052, 37721.393300
725189, 43197.581700
725335, 44438.340000
725498, 43931.700000
725642, 42476.511700
725782, 39165.255000
725925, 39411.138300
726057, 38426.475000
726175, 38012.920000
726329, 38753.646700
726485, 41957.533300
726608, 39439.153300
726761, 38739.660000
726888, 38814.281700
727054, 37788.058300
727205, 39691.791700
727351, 39310.215000
727496, 41134.125000
727658, 40945.165000
727796, 41778.781700
727955, 42228.088300
728112, 41276.261700
728259, 41037.885000
728414, 42375.065000
728570, 42540.777500
728706, 43921.275000
728858, 44360.500000
728998, 44350.510000
729160, 46631.250000
729291, 48173.200000
729454, 47384.500000
729607, 47151.500000
729732, 46318.562500
729875, 46154.500000
730029, 46321.275000
730150, 46571.355000
730290, 45701.547500
730446, 45809.580000
730594, 44106.255000
730751, 43600.000000
730882, 43090.215000
731017, 42459.500000
731175, 42726.000000
731307, 40865.250000
731446, 40617.500000
731606, 39888.500000
731733, 41023.500000
731879, 40310.500000
732044, 40411.500000
732164, 40339.500000
732332, 39036.355000
732466, 40661.670000
732594, 41440.000000
732761, 41931.000000
732910, 39494.500000
733059, 39732.605000
733231, 39605.645000
733378, 39111.500000
733547, 39971.980000
733699, 39043.500000
733860, 39627.555000
734001, 39158.385000
734139, 38617.000000
734292, 37923.812500
734459, 38913.875000
734610, 38580.500000
734765, 38368.500000
734922, 39690.500000
735066, 36469.280000
735213, 35933.500000
